ASI600A Export Data File
Created: Mon Sep 22 12:30:04 2025
    Time        L in        F in    
    (ms)        (Lo)       (kPa)    
  121390.00     1.00000      2.3185 
  121400.00     1.00000      2.3185 
  121410.00     1.00000      2.4961 
  121420.00     1.00000      2.4961 
  121430.00     1.00010      2.3185 
  121440.00     1.00000      2.4961 
  121450.00     1.00000      2.4961 
  121460.00     1.00000      2.4961 
  121470.00     1.00010      2.4961 
  121480.00     1.00010      2.4961 
  121490.00     1.00010      2.3185 
  121500.00     1.00010      2.4961 
  121510.00     1.00000      2.3185 
  121520.00     1.00000      2.4961 
  121530.00     1.00000      2.4961 
  121540.00     1.00000      2.4961 
  121550.00     1.00010      2.6748 
  121560.00     1.00000      2.3185 
  121570.00     1.00000      2.3185 
  121580.00     1.00000      2.4961 
  121590.00     1.00000      2.4961 
  121600.00     1.00000      2.4961 
  121610.00     1.00010      2.3185 
  121620.00     1.00010      2.4961 
  121630.00     1.00000      2.4961 
  121640.00     1.00000      2.4961 
  121650.00     1.00010      2.4961 
  121660.00     1.00010      2.3185 
  121670.00     1.00010      2.3185 
  121680.00     1.00000      2.3185 
  121690.00     1.00000      2.4961 
  121700.00     1.00000      2.3185 
  121710.00     1.00010      2.3185 
  121720.00     1.00010      2.4961 
  121730.00     1.00010      2.4961 
  121740.00     1.00000      2.3185 
  121750.00     1.00000      2.3185 
  121760.00     1.00000      2.3185 
  121770.00     1.00000      2.3185 
  121780.00     1.00000      2.3185 
  121790.00     1.00010      2.4961 
  121800.00     1.00010      2.3185 
  121810.00     1.00000      2.3185 
  121820.00     1.00000      2.3185 
  121830.00     1.00000      2.3185 
  121840.00     1.00010      2.4961 
  121850.00     1.00010      2.4961 
  121860.00     1.00000      2.6748 
  121870.00     1.00000      2.4961 
  121880.00     1.00000      2.4961 
  121890.00     1.00000      2.3185 
  121900.00     1.00010      2.3185 
  121910.00     1.00010      2.6748 
  121920.00     1.00000      2.4961 
  121930.00     1.00000      2.3185 
  121940.00     1.00000      2.3185 
  121950.00     1.00010      2.3185 
  121960.00     1.00010      2.1398 
  121970.00     1.00010      2.3185 
  121980.00     1.00010      2.3185 
  121990.00     1.00000      2.3185 
  122000.00     1.00000      2.1398 
  122010.00     1.00000      2.1398 
  122020.00     1.00000      2.1398 
  122030.00     1.00010      2.3185 
  122040.00     1.00010      2.1398 
  122050.00     1.00000      2.1398 
  122060.00     1.00000      2.3185 
  122070.00     1.00010      2.3185 
  122080.00     1.00010      2.3185 
  122090.00     1.00010      2.3185 
  122100.00     1.00000      2.6748 
  122110.00     1.00000      2.4961 
  122120.00     1.00000      2.1398 
  122130.00     1.00000      2.1398 
  122140.00     1.00000      2.3185 
  122150.00     1.00010      2.3185 
  122160.00     1.00010      2.3185 
  122170.00     1.00000      2.3185 
  122180.00     1.00000      2.3185 
  122190.00     1.00000      2.3185 
  122200.00     1.00010      2.1398 
  122210.00     1.00010      2.3185 
  122220.00     1.00010      2.3185 
  122230.00     1.00000      2.3185 
  122240.00     1.00000      2.1398 
  122250.00     1.00000      2.3185 
  122260.00     1.00010      2.3185 
  122270.00     1.00010      2.3185 
  122280.00     1.00010      2.1398 
  122290.00     1.00000      2.4961 
  122300.00     1.00000      2.3185 
  122310.00     1.00010      2.3185 
  122320.00     1.00010      2.3185 
  122330.00     1.00010      2.1398 
  122340.00     1.00010      2.3185 
  122350.00     1.00000      2.1398 
  122360.00     1.00000      2.3185 
  122370.00     1.00000      2.3185 
  122380.00     1.00010      2.4961 
  122390.00     1.00010      2.3185 
  122400.00     1.00010      2.4961 
  122410.00     1.00000      2.3185 
  122420.00     1.00000      2.4961 
  122430.00     1.00000      2.3185 
  122440.00     1.00010      2.1398 
  122450.00     1.00010      2.4961 
  122460.00     1.00010      2.4961 
  122470.00     1.00000      2.3185 
  122480.00     1.00000      2.3185 
  122490.00     1.00000      2.3185 
  122500.00     1.00010      2.1398 
  122510.00     1.00010      2.1398 
  122520.00     1.00000      2.3185 
  122530.00     1.00000      2.4961 
  122540.00     1.00000      2.3185 
  122550.00     1.00010      2.3185 
  122560.00     1.00010      2.3185 
  122570.00     1.00010      2.1398 
  122580.00     1.00010      2.3185 
  122590.00     1.00000      2.1398 
  122600.00     1.00000      2.4961 
  122610.00     1.00000      2.3185 
  122620.00     1.00010      2.3185 
  122630.00     1.00010      2.3185 
  122640.00     1.00010      2.4961 
  122650.00     1.00000      2.4961 
  122660.00     1.00000      2.4961 
  122670.00     1.00010      2.3185 
  122680.00     1.00010      2.1398 
  122690.00     1.00010      2.3185 
  122700.00     1.00010      2.1398 
  122710.00     1.00000      2.3185 
  122720.00     1.00000      2.3185 
  122730.00     1.00000      2.4961 
  122740.00     1.00000      2.4961 
  122750.00     1.00010      2.3185 
  122760.00     1.00000      2.1398 
  122770.00     1.00000      2.3185 
  122780.00     1.00000      2.3185 
  122790.00     1.00000      2.3185 
  122800.00     1.00010      2.3185 
  122810.00     1.00010      2.1398 
  122820.00     1.00010      2.3185 
  122830.00     1.00000      2.4961 
  122840.00     1.00000      2.3185 
  122850.00     1.00000      2.3185 
  122860.00     1.00010      2.3185 
  122870.00     1.00010      2.4961 
  122880.00     1.00010      2.3185 
  122890.00     1.00000      2.4961 
  122900.00     1.00000      2.4961 
  122910.00     1.00000      2.3185 
  122920.00     1.00010      2.4961 
  122930.00     1.00010      2.6748 
  122940.00     1.00010      2.3185 
  122950.00     1.00000      2.1398 
  122960.00     1.00000      2.4961 
  122970.00     1.00000      2.3185 
  122980.00     1.00010      2.1398 
  122990.00     1.00010      2.4961 
  123000.00     1.00010      2.3185 
  123010.00     1.00000      2.3185 
  123020.00     1.00000      2.3185 
  123030.00     1.00000      2.3185 
  123040.00     1.00010      2.3185 
  123050.00     1.00010      2.4961 
  123060.00     1.00010      2.4961 
  123070.00     1.00000      2.4961 
  123080.00     1.00000      2.3185 
  123090.00     1.00000      2.3185 
  123100.00     1.00000      2.3185 
  123110.00     1.00000      2.3185 
  123120.00     1.00010      2.3185 
  123130.00     1.00000      2.3185 
  123140.00     1.00000      2.3185 
  123150.00     1.00000      2.1398 
  123160.00     1.00010      2.3185 
  123170.00     1.00000      2.3185 
  123180.00     1.00010      2.3185 
  123190.00     1.00000      2.3185 
  123200.00     1.00000      2.4961 
  123210.00     1.00000      2.3185 
  123220.00     1.00010      2.3185 
  123230.00     1.00010      2.3185 
  123240.00     1.00000      2.1398 
  123250.00     1.00000      2.3185 
  123260.00     1.00000      2.3185 
  123270.00     1.00000      2.1398 
  123280.00     1.00010      2.1398 
  123290.00     1.00010      2.3185 
  123300.00     1.00000      2.3185 
  123310.00     1.00000      2.1398 
  123320.00     1.00000      2.1398 
  123330.00     1.00000      2.3185 
  123340.00     1.00000      2.1398 
  123350.00     1.00010      2.1398 
  123360.00     1.00010      2.1398 
  123370.00     1.00000      1.9612 
  123380.00     1.00000      2.3185 
  123390.00     1.00000      2.3185 
  123400.00     1.00010      2.3185 
  123410.00     1.00010      2.3185 
  123420.00     1.00010      2.3185 
  123430.00     1.00000      2.3185 
  123440.00     1.00000      2.3185 
  123450.00     1.00000      2.3185 
  123460.00     1.00000      2.1398 
  123470.00     1.00010      2.1398 
  123480.00     1.00010      2.1398 
  123490.00     1.00000      2.3185 
  123500.00     1.00000      2.1398 
  123510.00     1.00000      2.3185 
  123520.00     1.00010      2.3185 
  123530.00     1.00010      2.3185 
  123540.00     1.00010      2.3185 
  123550.00     1.00010      2.1398 
  123560.00     1.00000      2.3185 
  123570.00     1.00000      2.4961 
  123580.00     1.00010      2.3185 
  123590.00     1.00010      2.3185 
  123600.00     1.00010      2.1398 
  123610.00     1.00000      2.1398 
  123620.00     1.00000      2.3185 
  123630.00     1.00000      2.1398 
  123640.00     1.00000      2.1398 
  123650.00     1.00010      2.1398 
  123660.00     1.00010      2.1398 
  123670.00     1.00000      2.3185 
  123680.00     1.00000      2.1398 
  123690.00     1.00000      2.3185 
  123700.00     1.00000      2.3185 
  123710.00     1.00010      2.3185 
  123720.00     1.00010      1.9612 
  123730.00     1.00010      2.1398 
  123740.00     1.00000      2.1398 
  123750.00     1.00000      2.3185 
  123760.00     1.00000      2.3185 
  123770.00     1.00010      2.4961 
  123780.00     1.00010      2.4961 
  123790.00     1.00000      2.3185 
  123800.00     1.00000      2.1398 
  123810.00     1.00000      2.3185 
  123820.00     1.00000      2.1398 
  123830.00     1.00010      1.9612 
  123840.00     1.00000      2.1398 
  123850.00     1.00000      2.1398 
  123860.00     1.00000      2.1398 
  123870.00     1.00000      2.1398 
  123880.00     1.00010      2.1398 
  123890.00     1.00010      2.3185 
  123900.00     1.00010      1.9612 
  123910.00     1.00000      2.1398 
  123920.00     1.00000      2.3185 
  123930.00     1.00000      2.1398 
  123940.00     1.00000      2.1398 
  123950.00     1.00010      2.3185 
  123960.00     1.00010      2.1398 
  123970.00     1.00010      2.1398 
  123980.00     1.00000      2.3185 
  123990.00     1.00000      2.1398 
  124000.00     1.00010      2.1398 
  124010.00     1.00010      2.1398 
  124020.00     1.00010      2.1398 
  124030.00     1.00000      1.9612 
  124040.00     1.00000      2.1398 
  124050.00     1.00000      1.9612 
  124060.00     1.00000      1.9612 
  124070.00     1.00010      2.1398 
  124080.00     1.00010      2.1398 
  124090.00     1.00010      2.1398 
  124100.00     1.00000      2.1398 
  124110.00     1.00000      2.1398 
  124120.00     1.00010      2.1398 
  124130.00     1.00010      2.1398 
  124140.00     1.00010      2.1398 
  124150.00     1.00000      2.3185 
  124160.00     1.00000      2.1398 
  124170.00     1.00010      2.1398 
  124180.00     1.00010      2.1398 
  124190.00     1.00010      2.1398 
  124200.00     1.00010      2.3185 
  124210.00     1.00000      2.3185 
  124220.00     1.00000      2.4961 
  124230.00     1.00000      2.3185 
  124240.00     1.00010      2.3185 
  124250.00     1.00010      2.3185 
  124260.00     1.00010      2.1398 
  124270.00     1.00000      2.3185 
  124280.00     1.00000      2.3185 
  124290.00     1.00000      2.3185 
  124300.00     1.00000      2.4961 
  124310.00     1.00000      2.3185 
  124320.00     1.00010      2.1398 
  124330.00     1.00000      2.1398 
  124340.00     1.00000      2.3185 
  124350.00     1.00000      2.1398 
  124360.00     1.00010      1.9612 
  124370.00     1.00010      2.1398 
  124380.00     1.00010      2.1398 
  124390.00     1.00010      1.9612 
  124400.00     1.00000      2.1398 
  124410.00     1.00000      2.1398 
  124420.00     1.00010      2.1398 
  124430.00     1.00010      2.1398 
  124440.00     1.00010      2.1398 
  124450.00     1.00010      2.1398 
  124460.00     1.00000      2.3185 
  124470.00     1.00000      2.3185 
  124480.00     1.00010      2.3185 
  124490.00     1.00010      2.3185 
  124500.00     1.00010      2.3185 
  124510.00     1.00000      2.3185 
  124520.00     1.00000      2.3185 
  124530.00     1.00010      2.1398 
  124540.00     1.00010      2.1398 
  124550.00     1.00010      2.1398 
  124560.00     1.00010      2.1398 
  124570.00     1.00000      2.3185 
  124580.00     1.00000      1.9612 
  124590.00     1.00000      2.1398 
  124600.00     1.00000      2.1398 
  124610.00     1.00010      2.1398 
  124620.00     1.00010      2.1398 
  124630.00     1.00000      2.1398 
  124640.00     1.00000      2.1398 
  124650.00     1.00000      2.1398 
  124660.00     1.00010      2.3185 
  124670.00     1.00000      2.1398 
  124680.00     1.00010      2.1398 
  124690.00     1.00000      1.9612 
  124700.00     1.00000      2.3185 
  124710.00     1.00000      2.1398 
  124720.00     1.00010      2.1398 
  124730.00     1.00010      2.1398 
  124740.00     1.00010      2.1398 
  124750.00     1.00010      2.1398 
  124760.00     1.00000      2.1398 
  124770.00     1.00000      2.1398 
  124780.00     1.00000      2.3185 
  124790.00     1.00010      2.3185 
  124800.00     1.00010      2.1398 
  124810.00     1.00010      2.1398 
  124820.00     1.00000      2.1398 
  124830.00     1.00000      2.1398 
  124840.00     1.00000      2.1398 
  124850.00     1.00010      2.1398 
  124860.00     1.00010      2.3185 
  124870.00     1.00010      2.3185 
  124880.00     1.00000      2.1398 
  124890.00     1.00000      2.3185 
  124900.00     1.00000      2.4961 
  124910.00     1.00010      2.3185 
  124920.00     1.00010      2.3185 
  124930.00     1.00000      2.3185 
  124940.00     1.00000      2.3185 
  124950.00     1.00000      2.3185 
  124960.00     1.00000      2.3185 
  124970.00     1.00010      2.1398 
  124980.00     1.00010      2.1398 
  124990.00     1.00010      1.9612 
  125000.00     1.00000      2.1398 
  125010.00     1.00000      2.1398 
  125020.00     1.00000      2.1398 
  125030.00     1.00000      2.3185 
  125040.00     1.00000      2.3185 
  125050.00     1.00010      2.1398 
  125060.00     1.00000      2.3185 
  125070.00     1.00000      2.1398 
  125080.00     1.00000      2.1398 
  125090.00     1.00010      2.1398 
  125100.00     1.00010      2.1398 
  125110.00     1.00000      2.4961 
  125120.00     1.00000      2.3185 
  125130.00     1.00000      2.3185 
  125140.00     1.00000      2.4961 
  125150.00     1.00000      2.3185 
  125160.00     1.00010      2.1398 
  125170.00     1.00010      2.1398 
  125180.00     1.00000      2.1398 
  125190.00     1.00000      2.3185 
  125200.00     1.00000      2.3185 
  125210.00     1.00010      2.3185 
  125220.00     1.00010      2.1398 
  125230.00     1.00000      2.1398 
  125240.00     1.00000      2.3185 
  125250.00     1.00000      2.3185 
  125260.00     1.00000      2.3185 
  125270.00     1.00010      2.1398 
  125280.00     1.00010      2.1398 
  125290.00     1.00000      2.3185 
  125300.00     1.00000      2.3185 
  125310.00     1.00000      1.9612 
  125320.00     1.00010      2.3185 
  125330.00     1.00010      2.3185 
  125340.00     1.00010      2.1398 
  125350.00     1.00010      2.3185 
  125360.00     1.00000      2.3185 
  125370.00     1.00000      2.3185 
  125380.00     1.00000      2.1398 
  125390.00     1.00000      2.3185 
  125400.00     1.00010      2.3185 
  125410.00     1.00010      2.1398 
  125420.00     1.00000      2.4961 
  125430.00     1.00000      2.3185 
  125440.00     1.00000      2.4961 
  125450.00     1.00010      2.3185 
  125460.00     1.00010      2.3185 
  125470.00     1.00000      2.4961 
  125480.00     1.00000      2.3185 
  125490.00     1.00000      2.3185 
  125500.00     1.00000      2.4961 
  125510.00     1.00010      1.9612 
  125520.00     1.00010      2.3185 
  125530.00     1.00000      2.3185 
  125540.00     1.00000      2.3185 
  125550.00     1.00000      1.9612 
  125560.00     1.00000      2.1398 
  125570.00     1.00010      2.1398 
  125580.00     1.00010      2.3185 
  125590.00     1.00000      2.3185 
  125600.00     1.00000      2.3185 
  125610.00     1.00000      2.1398 
  125620.00     1.00000      2.3185 
  125630.00     1.00010      2.3185 
  125640.00     1.00010      2.3185 
  125650.00     1.00010      2.3185 
  125660.00     1.00000      2.1398 
  125670.00     1.00000      2.1398 
  125680.00     1.00000      2.1398 
  125690.00     1.00010      1.7835 
  125700.00     1.00010      1.9612 
  125710.00     1.00010      1.6049 
  125720.00     1.00000      1.7835 
  125730.00     1.00000      1.2486 
  125740.00     1.00000      0.7136 
  125750.00     1.00010     -0.7136 
  125760.00     1.00000     -4.2797 
  125770.00     1.00010    -10.1642 
  125780.00     1.00000    -11.5905 
  125790.00     1.00000    -12.3041 
  125800.00     1.00000    -11.0555 
  125810.00     1.00010     -6.2409 
  125820.00     1.00010     -0.1786 
  125830.00     1.00010      6.9545 
  125840.00     1.00000      6.4195 
  125850.00     1.00000     -2.8534 
  125860.00     1.00000      2.1398 
  125870.00     1.00000      2.8534 
  125880.00     1.00010      2.8534 
  125890.00     1.00010      2.3185 
  125900.00     1.00000      2.3185 
  125910.00     1.00000      2.1398 
  125920.00     1.00000      2.1398 
  125930.00     1.00010      1.9612 
  125940.00     1.00010      1.7835 
  125950.00     1.00010      2.1398 
  125960.00     1.00000      1.9612 
  125970.00     1.00000      1.9612 
  125980.00     1.00000      2.1398 
  125990.00     1.00010      1.7835 
  126000.00     1.00010      2.3185 
  126010.00     1.00000      1.9612 
  126020.00     1.00000      2.3185 
  126030.00     1.00000      1.7835 
  126040.00     1.00000      2.3185 
  126050.00     1.00010      2.6748 
  126060.00     1.00010      1.7835 
  126070.00     1.00010      1.9612 
  126080.00     1.00010      2.1398 
  126090.00     1.00000      2.1398 
  126100.00     1.00000      1.9612 
  126110.00     1.00010      1.7835 
  126120.00     1.00010      1.9612 
  126130.00     1.00010      1.7835 
  126140.00     1.00000      1.9612 
  126150.00     1.00000      2.1398 
  126160.00     1.00000      1.9612 
  126170.00     1.00000      1.9612 
  126180.00     1.00010      2.3185 
  126190.00     1.00010      1.7835 
  126200.00     1.00000      1.7835 
  126210.00     1.00000      2.1398 
  126220.00     1.00000      1.9612 
  126230.00     1.00000      2.1398 
  126240.00     1.00000      1.9612 
  126250.00     1.00010      1.9612 
  126260.00     1.00000      1.9612 
  126270.00     1.00000      1.9612 
  126280.00     1.00000      1.7835 
  126290.00     1.00010      1.7835 
  126300.00     1.00010      1.7835 
  126310.00     1.00000      1.9612 
  126320.00     1.00010      1.9612 
  126330.00     1.00000      1.9612 
  126340.00     1.00000      1.7835 
  126350.00     1.00010      1.9612 
  126360.00     1.00010      1.9612 
  126370.00     1.00010      1.9612 
  126380.00     1.00000      1.9612 
  126390.00     1.00000      2.3185 
  126400.00     1.00000      2.1398 
  126410.00     1.00010      2.1398 
  126420.00     1.00010      1.7835 
  126430.00     1.00010      1.9612 
  126440.00     1.00010      1.9612 
  126450.00     1.00000      1.9612 
  126460.00     1.00000      2.1398 
  126470.00     1.00000      1.9612 
  126480.00     1.00010      1.9612 
  126490.00     1.00010      2.3185 
  126500.00     1.00010      2.1398 
  126510.00     1.00000      1.9612 
  126520.00     1.00000      2.1398 
  126530.00     1.00000      1.7835 
  126540.00     1.00000      1.9612 
  126550.00     1.00010      2.1398 
  126560.00     1.00000      1.9612 
  126570.00     1.00000      1.7835 
  126580.00     1.00000      1.9612 
  126590.00     1.00010      1.9612 
  126600.00     1.00010      1.9612 
  126610.00     1.00010      2.3185 
  126620.00     1.00000      1.9612 
  126630.00     1.00000      1.9612 
  126640.00     1.00000      1.9612 
  126650.00     1.00010      1.9612 
  126660.00     1.00010      2.1398 
  126670.00     1.00010      2.1398 
  126680.00     1.00000      2.1398 
  126690.00     1.00000      1.9612 
  126700.00     1.00000      2.3185 
  126710.00     1.00000      1.7835 
  126720.00     1.00010      1.9612 
  126730.00     1.00010      2.1398 
  126740.00     1.00000      1.9612 
  126750.00     1.00000      1.9612 
  126760.00     1.00000      2.1398 
  126770.00     1.00010      2.4961 
  126780.00     1.00010      1.4262 
  126790.00     1.00010      2.6748 
  126800.00     1.00000      1.6049 
  126810.00     1.00000      2.4961 
  126820.00     1.00000      1.4262 
  126830.00     1.00000      2.3185 
  126840.00     1.00010      2.1398 
  126850.00     1.00010      1.6049 
  126860.00     1.00010      2.3185 
  126870.00     1.00000      2.1398 
  126880.00     1.00000      1.6049 
  126890.00     1.00000      2.4961 
  126900.00     1.00010      1.6049 
  126910.00     1.00010      1.7835 
  126920.00     1.00010      2.3185 
  126930.00     1.00000      1.9612 
  126940.00     1.00000      1.4262 
  126950.00     1.00000      2.3185 
  126960.00     1.00010      1.7835 
  126970.00     1.00010      1.4262 
  126980.00     1.00000      2.1398 
  126990.00     1.00000      1.9612 
  127000.00     1.00000      1.7835 
  127010.00     1.00000      1.9612 
  127020.00     1.00010      1.9612 
  127030.00     1.00010      1.6049 
  127040.00     1.00000      2.1398 
  127050.00     1.00000      2.1398 
  127060.00     1.00000      1.9612 
  127070.00     1.00000      1.7835 
  127080.00     1.00000      2.1398 
  127090.00     1.00000      1.9612 
  127100.00     1.00010      2.1398 
  127110.00     1.00000      2.1398 
  127120.00     1.00000      1.9612 
  127130.00     1.00000      1.9612 
  127140.00     1.00010      1.9612 
  127150.00     1.00010      1.9612 
  127160.00     1.00000      1.9612 
  127170.00     1.00000      1.7835 
  127180.00     1.00000      1.9612 
  127190.00     1.00010      2.1398 
  127200.00     1.00010      1.9612 
  127210.00     1.00000      1.9612 
  127220.00     1.00010      1.7835 
  127230.00     1.00000      1.7835 
  127240.00     1.00000     -6.5982 
  127250.00     1.00010     -5.3496 
  127260.00     1.00010     -5.7059 
  127270.00     1.00010      1.6049 
  127280.00     1.00000      1.2486 
  127290.00     1.00000      3.3884 
  127300.00     1.00000      4.2797 
  127310.00     1.00000      5.8846 
  127320.00     1.00010      4.4583 
  127330.00     1.00010      2.1398 
  127340.00     1.00000      1.7835 
  127350.00     1.00000      1.9612 
  127360.00     1.00000      1.7835 
  127370.00     1.00010      2.1398 
  127380.00     1.00010      2.1398 
  127390.00     1.00010      2.3185 
  127400.00     1.00000      2.8534 
  127410.00     1.00000      2.6748 
  127420.00     1.00000      3.2098 
  127430.00     1.00010      3.3884 
  127440.00     1.00010      3.5661 
  127450.00     1.00010      3.9234 
  127460.00     1.00010      4.4583 
  127470.00     1.00000      4.6360 
  127480.00     1.00000      4.8146 
  127490.00     1.00010      4.9933 
  127500.00     1.00010      5.3496 
  127510.00     1.00010      5.5282 
  127520.00     1.00010      5.8846 
  127530.00     1.00000      6.0632 
  127540.00     1.00000      6.4195 
  127550.00     1.00000      6.5982 
  127560.00     1.00000      6.9545 
  127570.00     1.00010      7.3108 
  127580.00     1.00000      7.6681 
  127590.00     1.00000      8.0244 
  127600.00     1.00000      8.3807 
  127610.00     1.00000      8.5594 
  127620.00     1.00010      8.9157 
  127630.00     1.00000      9.4506 
  127640.00     1.00000      9.9856 
  127650.00     1.00000      9.9856 
  127660.00     1.00000     10.5205 
  127670.00     1.00000     10.8778 
  127680.00     1.00010     11.4128 
  127690.00     1.00010     11.2342 
  127700.00     1.00000     12.3041 
  127710.00     1.00000     12.6604 
  127720.00     1.00000     12.8390 
  127730.00     1.00000     13.5517 
  127740.00     1.00000     13.7303 
  127750.00     1.00010     13.9089 
  127760.00     1.00010     14.2653 
  127770.00     1.00000     14.6216 
  127780.00     1.00000     14.8002 
  127790.00     1.00000     15.1565 
  127800.00     1.00000     15.5138 
  127810.00     1.00010     16.0488 
  127820.00     1.00010     16.2264 
  127830.00     1.00000     16.2264 
  127840.00     1.00000     16.7614 
  127850.00     1.00010     16.9401 
  127860.00     1.00010     16.9401 
  127870.00     1.00010     17.2964 
  127880.00     1.00010     17.6537 
  127890.00     1.00000     17.8313 
  127900.00     1.00000     18.0100 
  127910.00     1.00010     18.3663 
  127920.00     1.00010     18.5449 
  127930.00     1.00010     18.9012 
  127940.00     1.00000     19.0799 
  127950.00     1.00000     19.0799 
  127960.00     1.00000     19.6149 
  127970.00     1.00010     19.6149 
  127980.00     1.00010     20.1498 
  127990.00     1.00010     20.1498 
  128000.00     1.00010     20.5061 
  128010.00     1.00000     20.5061 
  128020.00     1.00000     20.8634 
  128030.00     1.00000     21.2197 
  128040.00     1.00000     21.7547 
  128050.00     1.00010     21.5760 
  128060.00     1.00010     21.9333 
  128070.00     1.00000     21.9333 
  128080.00     1.00000     22.2897 
  128090.00     1.00000     22.2897 
  128100.00     1.00010     22.6460 
  128110.00     1.00010     22.6460 
  128120.00     1.00010     23.0033 
  128130.00     1.00000     23.5382 
  128140.00     1.00000     23.8945 
  128150.00     1.00000     23.8945 
  128160.00     1.00000     24.2508 
  128170.00     1.00010     24.6081 
  128180.00     1.00000     24.9645 
  128190.00     1.00000     25.1431 
  128200.00     1.00000     25.3208 
  128210.00     1.00000     25.4994 
  128220.00     1.00010     25.8557 
  128230.00     1.00010     26.0344 
  128240.00     1.00010     26.2130 
  128250.00     1.00000     26.5693 
  128260.00     1.00000     26.7480 
  128270.00     1.00000     26.9256 
  128280.00     1.00000     27.1043 
  128290.00     1.00010     27.4606 
  128300.00     1.00000     27.6392 
  128310.00     1.00000     27.9956 
  128320.00     1.00000     28.3529 
  128330.00     1.00000     28.7092 
  128340.00     1.00010     28.8878 
  128350.00     1.00010     29.2441 
  128360.00     1.00010     29.4228 
  128370.00     1.00000     29.4228 
  128380.00     1.00000     29.6004 
  128390.00     1.00000     29.9577 
  128400.00     1.00000     30.3140 
  128410.00     1.00010     30.6704 
  128420.00     1.00010     31.0277 
  128430.00     1.00000     31.3840 
  128440.00     1.00000     31.5626 
  128450.00     1.00000     31.9189 
  128460.00     1.00010     32.2752 
  128470.00     1.00010     32.2752 
  128480.00     1.00010     32.6325 
  128490.00     1.00000     32.9888 
  128500.00     1.00000     32.6325 
  128510.00     1.00000     33.1675 
  128520.00     1.00000     33.8801 
  128530.00     1.00010     33.7025 
  128540.00     1.00000     34.4151 
  128550.00     1.00000     34.2374 
  128560.00     1.00000     34.9500 
  128570.00     1.00000     35.1287 
  128580.00     1.00010     35.4850 
  128590.00     1.00010     35.8413 
  128600.00     1.00010     36.5549 
  128610.00     1.00000     36.7336 
  128620.00     1.00000     36.7336 
  128630.00     1.00000     37.2685 
  128640.00     1.00010     37.2685 
  128650.00     1.00010     37.6248 
  128660.00     1.00010     37.9811 
  128670.00     1.00000     38.1598 
  128680.00     1.00000     38.3384 
  128690.00     1.00010     38.5161 
  128700.00     1.00010     38.8734 
  128710.00     1.00010     39.0511 
  128720.00     1.00010     39.7647 
  128730.00     1.00000     39.7647 
  128740.00     1.00000     39.9433 
  128750.00     1.00000     40.2996 
  128760.00     1.00000     40.6559 
  128770.00     1.00010     40.8346 
  128780.00     1.00010     41.0132 
  128790.00     1.00000     41.1909 
  128800.00     1.00000     41.7259 
  128810.00     1.00000     42.0832 
  128820.00     1.00000     42.2608 
  128830.00     1.00010     42.6181 
  128840.00     1.00010     42.7958 
  128850.00     1.00000     42.9744 
  128860.00     1.00000     43.1531 
  128870.00     1.00000     43.3307 
  128880.00     1.00000     43.6880 
  128890.00     1.00000     43.8657 
  128900.00     1.00010     44.2230 
  128910.00     1.00000     44.7580 
  128920.00     1.00000     45.1143 
  128930.00     1.00010     45.1143 
  128940.00     1.00010     45.4706 
  128950.00     1.00010     45.4706 
  128960.00     1.00010     45.8279 
  128970.00     1.00000     46.1842 
  128980.00     1.00000     46.1842 
  128990.00     1.00000     46.5405 
  129000.00     1.00000     46.7191 
  129010.00     1.00010     46.8978 
  129020.00     1.00010     47.2541 
  129030.00     1.00000     47.4328 
  129040.00     1.00000     47.7891 
  129050.00     1.00000     48.1454 
  129060.00     1.00010     48.3240 
  129070.00     1.00010     48.3240 
  129080.00     1.00010     48.6803 
  129090.00     1.00000     49.2153 
  129100.00     1.00000     49.3939 
  129110.00     1.00000     49.5726 
  129120.00     1.00010     49.5726 
  129130.00     1.00010     49.9289 
  129140.00     1.00010     50.1076 
  129150.00     1.00000     50.4639 
  129160.00     1.00000     50.8202 
  129170.00     1.00000     50.9988 
  129180.00     1.00010     51.1775 
  129190.00     1.00010     51.5338 
  129200.00     1.00010     51.5338 
  129210.00     1.00000     51.8901 
  129220.00     1.00000     51.8901 
  129230.00     1.00000     52.2474 
  129240.00     1.00000     52.4251 
  129250.00     1.00010     52.6037 
  129260.00     1.00010     52.7823 
  129270.00     1.00000     53.1387 
  129280.00     1.00000     53.4950 
  129290.00     1.00000     53.4950 
  129300.00     1.00010     54.0299 
  129310.00     1.00010     54.0299 
  129320.00     1.00010     54.2086 
  129330.00     1.00000     54.3872 
  129340.00     1.00000     54.5649 
  129350.00     1.00000     55.0999 
  129360.00     1.00010     55.0999 
  129370.00     1.00010     55.8135 
  129380.00     1.00010     55.8135 
  129390.00     1.00000     55.8135 
  129400.00     1.00000     56.5271 
  129410.00     1.00000     56.5271 
  129420.00     1.00010     56.8834 
  129430.00     1.00010     57.0620 
  129440.00     1.00010     57.0620 
  129450.00     1.00000     57.2397 
  129460.00     1.00000     57.9533 
  129470.00     1.00000     57.9533 
  129480.00     1.00000     58.3096 
  129490.00     1.00010     58.6659 
  129500.00     1.00010     58.8446 
  129510.00     1.00000     59.0232 
  129520.00     1.00000     59.0232 
  129530.00     1.00000     59.9145 
  129540.00     1.00010     59.7358 
  129550.00     1.00010     60.2708 
  129560.00     1.00010     60.6281 
  129570.00     1.00000     60.9844 
  129580.00     1.00000     60.6281 
  129590.00     1.00000     60.8058 
  129600.00     1.00000     61.5194 
  129610.00     1.00010     61.6980 
  129620.00     1.00010     62.2330 
  129630.00     1.00000     62.2330 
  129640.00     1.00000     62.0543 
  129650.00     1.00000     62.0543 
  129660.00     1.00010     62.5893 
  129670.00     1.00010     62.7679 
  129680.00     1.00010     62.7679 
  129690.00     1.00000     62.9456 
  129700.00     1.00000     63.1242 
  129710.00     1.00000     63.4806 
  129720.00     1.00000     63.4806 
  129730.00     1.00010     63.8379 
  129740.00     1.00010     63.8379 
  129750.00     1.00010     64.0155 
  129760.00     1.00000     64.0155 
  129770.00     1.00000     64.1942 
  129780.00     1.00000     64.3728 
  129790.00     1.00010     64.3728 
  129800.00     1.00010     64.7291 
  129810.00     1.00000     64.5505 
  129820.00     1.00000     64.9078 
  129830.00     1.00000     64.9078 
  129840.00     1.00000     65.0854 
  129850.00     1.00010     65.2641 
  129860.00     1.00010     65.4427 
  129870.00     1.00000     65.6204 
  129880.00     1.00000     65.7990 
  129890.00     1.00000     65.7990 
  129900.00     1.00010     65.9777 
  129910.00     1.00010     65.9777 
  129920.00     1.00010     66.1554 
  129930.00     1.00010     66.3340 
  129940.00     1.00000     66.6903 
  129950.00     1.00000     66.6903 
  129960.00     1.00000     66.8690 
  129970.00     1.00010     66.8690 
  129980.00     1.00010     66.8690 
  129990.00     1.00010     67.0476 
  130000.00     1.00000     67.0476 
  130010.00     1.00000     67.2253 
  130020.00     1.00010     67.2253 
  130030.00     1.00010     67.5826 
  130040.00     1.00010     67.7602 
  130050.00     1.00000     67.7602 
  130060.00     1.00000     67.7602 
  130070.00     1.00000     68.2952 
  130080.00     1.00000     67.9389 
  130090.00     1.00010     68.1175 
  130100.00     1.00010     68.2952 
  130110.00     1.00010     68.4738 
  130120.00     1.00000     68.4738 
  130130.00     1.00000     68.4738 
  130140.00     1.00000     68.6525 
  130150.00     1.00010     68.8302 
  130160.00     1.00010     68.8302 
  130170.00     1.00000     68.8302 
  130180.00     1.00000     69.1874 
  130190.00     1.00000     69.0088 
  130200.00     1.00010     69.3651 
  130210.00     1.00000     69.1874 
  130220.00     1.00010     69.3651 
  130230.00     1.00010     69.3651 
  130240.00     1.00000     69.7224 
  130250.00     1.00000     69.7224 
  130260.00     1.00010     69.7224 
  130270.00     1.00010     69.7224 
  130280.00     1.00010     69.7224 
  130290.00     1.00010     69.7224 
  130300.00     1.00000     69.7224 
  130310.00     1.00000     70.0787 
  130320.00     1.00010     70.0787 
  130330.00     1.00010     70.0787 
  130340.00     1.00010     70.2574 
  130350.00     1.00000     70.4350 
  130360.00     1.00000     70.2574 
  130370.00     1.00000     70.4350 
  130380.00     1.00010     70.4350 
  130390.00     1.00010     70.4350 
  130400.00     1.00010     70.7923 
  130410.00     1.00000     70.6137 
  130420.00     1.00000     70.6137 
  130430.00     1.00000     70.7923 
  130440.00     1.00000     70.7923 
  130450.00     1.00010     70.7923 
  130460.00     1.00010     70.7923 
  130470.00     1.00010     70.7923 
  130480.00     1.00000     70.9700 
  130490.00     1.00000     70.9700 
  130500.00     1.00010     70.7923 
  130510.00     1.00010     71.1486 
  130520.00     1.00010     71.1486 
  130530.00     1.00010     71.1486 
  130540.00     1.00000     71.1486 
  130550.00     1.00000     71.1486 
  130560.00     1.00010     71.3273 
  130570.00     1.00010     71.1486 
  130580.00     1.00010     71.1486 
  130590.00     1.00000     71.3273 
  130600.00     1.00000     71.5049 
  130610.00     1.00000     71.6836 
  130620.00     1.00000     71.3273 
  130630.00     1.00000     71.3273 
  130640.00     1.00010     71.6836 
  130650.00     1.00000     71.6836 
  130660.00     1.00000     71.6836 
  130670.00     1.00000     71.6836 
  130680.00     1.00000     71.6836 
  130690.00     1.00010     72.0399 
  130700.00     1.00010     71.8622 
  130710.00     1.00000     71.6836 
  130720.00     1.00000     71.5049 
  130730.00     1.00000     71.8622 
  130740.00     1.00010     71.8622 
  130750.00     1.00010     71.8622 
  130760.00     1.00010     72.0399 
  130770.00     1.00000     71.8622 
  130780.00     1.00000     72.0399 
  130790.00     1.00000     72.0399 
  130800.00     1.00010     72.0399 
  130810.00     1.00000     71.8622 
  130820.00     1.00010     72.0399 
  130830.00     1.00010     71.8622 
  130840.00     1.00000     71.8622 
  130850.00     1.00000     71.8622 
  130860.00     1.00000     72.0399 
  130870.00     1.00010     72.0399 
  130880.00     1.00010     72.0399 
  130890.00     1.00000     72.2186 
  130900.00     1.00000     72.0399 
  130910.00     1.00000     72.0399 
  130920.00     1.00010     72.2186 
  130930.00     1.00010     72.3972 
  130940.00     1.00010     72.3972 
  130950.00     1.00000     72.2186 
  130960.00     1.00000     72.2186 
  130970.00     1.00000     72.2186 
  130980.00     1.00000     72.2186 
  130990.00     1.00010     72.2186 
  131000.00     1.00010     72.3972 
  131010.00     1.00010     72.3972 
  131020.00     1.00000     72.2186 
  131030.00     1.00000     72.2186 
  131040.00     1.00000     72.2186 
  131050.00     1.00000     72.3972 
  131060.00     1.00010     72.3972 
  131070.00     1.00010     72.3972 
  131080.00     1.00000     72.3972 
  131090.00     1.00000     72.3972 
  131100.00     1.00000     72.2186 
  131110.00     1.00010     72.2186 
  131120.00     1.00010     72.3972 
  131130.00     1.00000     72.5749 
  131140.00     1.00000     72.3972 
  131150.00     1.00000     72.3972 
  131160.00     1.00000     72.2186 
  131170.00     1.00010     72.3972 
  131180.00     1.00010     72.2186 
  131190.00     1.00000     72.2186 
  131200.00     1.00000     72.2186 
  131210.00     1.00000     72.2186 
  131220.00     1.00000     72.0399 
  131230.00     1.00000     72.0399 
  131240.00     1.00010     72.3972 
  131250.00     1.00000     72.2186 
  131260.00     1.00000     72.2186 
  131270.00     1.00000     72.2186 
  131280.00     1.00000     72.2186 
  131290.00     1.00010     72.2186 
  131300.00     1.00010     72.3972 
  131310.00     1.00000     72.3972 
  131320.00     1.00000     72.2186 
  131330.00     1.00000     72.2186 
  131340.00     1.00010     72.2186 
  131350.00     1.00010     72.2186 
  131360.00     1.00010     72.2186 
  131370.00     1.00010     72.3972 
  131380.00     1.00000     72.2186 
  131390.00     1.00000     72.2186 
  131400.00     1.00000     72.0399 
  131410.00     1.00000     72.2186 
  131420.00     1.00010     72.0399 
  131430.00     1.00000     72.0399 
  131440.00     1.00000     72.0399 
  131450.00     1.00000     72.0399 
  131460.00     1.00000     72.0399 
  131470.00     1.00010     72.0399 
  131480.00     1.00010     72.0399 
  131490.00     1.00010     71.8622 
  131500.00     1.00000     71.8622 
  131510.00     1.00000     72.0399 
  131520.00     1.00000     71.8622 
  131530.00     1.00010     72.2186 
  131540.00     1.00000     72.0399 
  131550.00     1.00000     72.2186 
  131560.00     1.00000     72.0399 
  131570.00     1.00000     71.8622 
  131580.00     1.00000     71.8622 
  131590.00     1.00010     71.8622 
  131600.00     1.00010     72.0399 
  131610.00     1.00010     71.8622 
  131620.00     1.00000     71.8622 
  131630.00     1.00000     71.6836 
  131640.00     1.00000     71.8622 
  131650.00     1.00000     71.6836 
  131660.00     1.00000     71.6836 
  131670.00     1.00010     71.6836 
  131680.00     1.00000     71.8622 
  131690.00     1.00000     71.8622 
  131700.00     1.00000     71.8622 
  131710.00     1.00010     71.8622 
  131720.00     1.00010     71.8622 
  131730.00     1.00010     71.8622 
  131740.00     1.00000     72.0399 
  131750.00     1.00000     71.6836 
  131760.00     1.00000     71.8622 
  131770.00     1.00010     71.6836 
  131780.00     1.00000     72.0399 
  131790.00     1.00010     71.6836 
  131800.00     1.00000     71.6836 
  131810.00     1.00000     71.6836 
  131820.00     1.00000     71.8622 
  131830.00     1.00010     71.6836 
  131840.00     1.00010     71.8622 
  131850.00     1.00010     71.6836 
  131860.00     1.00000     72.0399 
  131870.00     1.00000     71.8622 
  131880.00     1.00000     71.6836 
  131890.00     1.00000     71.6836 
  131900.00     1.00010     71.8622 
  131910.00     1.00010     71.6836 
  131920.00     1.00000     71.6836 
  131930.00     1.00000     71.8622 
  131940.00     1.00000     71.6836 
  131950.00     1.00010     71.8622 
  131960.00     1.00010     71.6836 
  131970.00     1.00010     71.8622 
  131980.00     1.00000     71.6836 
  131990.00     1.00000     71.5049 
  132000.00     1.00000     71.6836 
  132010.00     1.00010     71.6836 
  132020.00     1.00010     71.8622 
  132030.00     1.00010     71.6836 
  132040.00     1.00000     71.5049 
  132050.00     1.00000     71.6836 
  132060.00     1.00000     71.5049 
  132070.00     1.00010     71.6836 
  132080.00     1.00010     71.3273 
  132090.00     1.00010     71.6836 
  132100.00     1.00000     71.5049 
  132110.00     1.00000     71.6836 
  132120.00     1.00000     71.5049 
  132130.00     1.00010     71.5049 
  132140.00     1.00010     71.3273 
  132150.00     1.00010     71.5049 
  132160.00     1.00010     71.5049 
  132170.00     1.00000     71.5049 
  132180.00     1.00000     71.6836 
  132190.00     1.00010     71.5049 
  132200.00     1.00010     71.5049 
  132210.00     1.00010     71.5049 
  132220.00     1.00000     71.6836 
  132230.00     1.00000     71.5049 
  132240.00     1.00000     71.5049 
  132250.00     1.00010     71.6836 
  132260.00     1.00000     71.5049 
  132270.00     1.00010     71.5049 
  132280.00     1.00000     71.5049 
  132290.00     1.00000     71.3273 
  132300.00     1.00000     71.5049 
  132310.00     1.00010     71.5049 
  132320.00     1.00010     71.3273 
  132330.00     1.00010     71.1486 
  132340.00     1.00010     71.5049 
  132350.00     1.00000     71.3273 
  132360.00     1.00000     71.3273 
  132370.00     1.00010     71.1486 
  132380.00     1.00010     71.6836 
  132390.00     1.00000     71.5049 
  132400.00     1.00000     71.3273 
  132410.00     1.00000     71.5049 
  132420.00     1.00000     71.3273 
  132430.00     1.00010     71.3273 
  132440.00     1.00010     71.3273 
  132450.00     1.00010     71.5049 
  132460.00     1.00000     71.1486 
  132470.00     1.00000     71.3273 
  132480.00     1.00010     71.3273 
  132490.00     1.00010     71.3273 
  132500.00     1.00010     71.3273 
  132510.00     1.00010     71.3273 
  132520.00     1.00000     71.5049 
  132530.00     1.00000     71.3273 
  132540.00     1.00000     71.3273 
  132550.00     1.00010     71.3273 
  132560.00     1.00010     71.1486 
  132570.00     1.00000     71.1486 
  132580.00     1.00010     71.1486 
  132590.00     1.00010     71.3273 
  132600.00     1.00000     71.3273 
  132610.00     1.00010     71.1486 
  132620.00     1.00010     71.3273 
  132630.00     1.00010     71.3273 
  132640.00     1.00000     71.3273 
  132650.00     1.00000     71.3273 
  132660.00     1.00000     71.3273 
  132670.00     1.00010     71.1486 
  132680.00     1.00010     71.1486 
  132690.00     1.00010     70.9700 
  132700.00     1.00000     71.1486 
  132710.00     1.00000     71.1486 
  132720.00     1.00667     78.1031 
  132730.00     1.00757     70.6137 
  132740.00     1.00757     69.5438 
  132750.00     1.00757     70.0787 
  132760.00     1.00757     70.6137 
  132770.00     1.00757     71.3273 
  132780.00     1.00757     71.8622 
  132790.00     1.00757     71.6836 
  132800.00     1.00757     72.0399 
  132810.00     1.00757     72.3972 
  132820.00     1.00757     72.3972 
  132830.00     1.00757     72.2186 
  132840.00     1.00757     72.3972 
  132850.00     1.00757     72.3972 
  132860.00     1.00757     72.3972 
  132870.00     1.00757     72.2186 
  132880.00     1.00757     72.5749 
  132890.00     1.00757     72.2186 
  132900.00     1.00757     72.0399 
  132910.00     1.00757     72.2186 
  132920.00     1.00757     72.2186 
  132930.00     1.00757     72.2186 
  132940.00     1.00757     72.2186 
  132950.00     1.00757     71.8622 
  132960.00     1.00757     71.8622 
  132970.00     1.00757     71.8622 
  132980.00     1.00757     71.8622 
  132990.00     1.00757     71.6836 
  133000.00     1.00757     71.8622 
  133010.00     1.00757     71.6836 
  133020.00     1.00757     71.8622 
  133030.00     1.00757     71.6836 
  133040.00     1.00757     71.6836 
  133050.00     1.00757     71.8622 
  133060.00     1.00757     71.8622 
  133070.00     1.00757     72.0399 
  133080.00     1.00757     72.0399 
  133090.00     1.00757     71.8622 
  133100.00     1.00757     71.8622 
  133110.00     1.00757     71.8622 
  133120.00     1.00757     71.8622 
  133130.00     1.00757     71.6836 
  133140.00     1.00757     71.8622 
  133150.00     1.00757     71.6836 
  133160.00     1.00757     71.6836 
  133170.00     1.00757     71.8622 
  133180.00     1.00757     71.6836 
  133190.00     1.00757     71.6836 
  133200.00     1.00757     71.6836 
  133210.00     1.00757     71.3273 
  133220.00     1.00757     71.6836 
  133230.00     1.00757     71.6836 
  133240.00     1.00757     71.5049 
  133250.00     1.00757     71.5049 
  133260.00     1.00757     71.5049 
  133270.00     1.00757     71.6836 
  133280.00     1.00757     71.6836 
  133290.00     1.00757     71.5049 
  133300.00     1.00757     71.5049 
  133310.00     1.00757     71.6836 
  133320.00     1.00757     71.5049 
  133330.00     1.00757     71.6836 
  133340.00     1.00757     71.5049 
  133350.00     1.00757     71.5049 
  133360.00     1.00757     71.5049 
  133370.00     1.00757     71.5049 
  133380.00     1.00757     71.5049 
  133390.00     1.00757     71.5049 
  133400.00     1.00757     71.5049 
  133410.00     1.00757     71.5049 
  133420.00     1.00757     71.3273 
  133430.00     1.00757     71.5049 
  133440.00     1.00757     71.5049 
  133450.00     1.00757     71.5049 
  133460.00     1.00757     71.5049 
  133470.00     1.00757     71.5049 
  133480.00     1.00757     71.5049 
  133490.00     1.00757     71.5049 
  133500.00     1.00757     71.6836 
  133510.00     1.00757     71.3273 
  133520.00     1.00100     63.6592 
  133530.00     1.00010     69.5438 
  133540.00     1.00010     71.6836 
  133550.00     1.00000     72.0399 
  133560.00     1.00000     71.6836 
  133570.00     1.00010     71.6836 
  133580.00     1.00000     71.5049 
  133590.00     1.00010     71.1486 
  133600.00     1.00010     70.9700 
  133610.00     1.00000     70.9700 
  133620.00     1.00000     70.7923 
  133630.00     1.00010     70.7923 
  133640.00     1.00010     70.6137 
  133650.00     1.00010     70.7923 
  133660.00     1.00000     70.7923 
  133670.00     1.00000     70.4350 
  133680.00     1.00000     70.4350 
  133690.00     1.00000     70.6137 
  133700.00     1.00010     70.2574 
  133710.00     1.00010     70.4350 
  133720.00     1.00000     70.2574 
  133730.00     1.00000     70.4350 
  133740.00     1.00000     70.2574 
  133750.00     1.00010     70.2574 
  133760.00     1.00010     70.2574 
  133770.00     1.00010     70.2574 
  133780.00     1.00000     70.6137 
  133790.00     1.00000     70.4350 
  133800.00     1.00000     70.4350 
  133810.00     1.00000     70.4350 
  133820.00     1.00000     70.4350 
  133830.00     1.00010     70.4350 
  133840.00     1.00010     70.2574 
  133850.00     1.00000     70.6137 
  133860.00     1.00000     70.2574 
  133870.00     1.00000     70.2574 
  133880.00     1.00010     70.2574 
  133890.00     1.00010     70.2574 
  133900.00     1.00000     70.2574 
  133910.00     1.00000     70.2574 
  133920.00     1.00000     70.2574 
  133930.00     1.00010     70.0787 
  133940.00     1.00010     70.0787 
  133950.00     1.00010     70.2574 
  133960.00     1.00000     70.4350 
  133970.00     1.00000     70.0787 
  133980.00     1.00000     70.2574 
  133990.00     1.00000     70.2574 
  134000.00     1.00010     70.4350 
  134010.00     1.00010     70.4350 
  134020.00     1.00010     70.4350 
  134030.00     1.00000     70.2574 
  134040.00     1.00000     70.2574 
  134050.00     1.00000     70.4350 
  134060.00     1.00010     70.0787 
  134070.00     1.00010     70.4350 
  134080.00     1.00010     70.4350 
  134090.00     1.00000     70.4350 
  134100.00     0.95308     39.2297 
  134110.00     0.89258     12.4817 
  134120.00     1.00210     12.3041 
  134130.00     1.00010     31.2053 
  134140.00     1.00010     44.2230 
  134150.00     1.00000     52.4251 
  134160.00     1.00000     58.6659 
  134170.00     1.00000     63.4806 
  134180.00     1.00010     65.9777 
  134190.00     1.00010     67.5826 
  134200.00     1.00000     68.2952 
  134210.00     1.00000     68.8302 
  134220.00     1.00000     69.1874 
  134230.00     1.00000     69.5438 
  134240.00     1.00010     69.7224 
  134250.00     1.00010     69.9001 
  134260.00     1.00000     70.0787 
  134270.00     1.00000     70.2574 
  134280.00     1.00000     70.2574 
  134290.00     1.00000     70.4350 
  134300.00     1.00010     70.6137 
  134310.00     1.00010     70.4350 
  134320.00     1.00000     70.4350 
  134330.00     1.00000     70.2574 
  134340.00     1.00000     70.4350 
  134350.00     1.00010     70.2574 
  134360.00     1.00010     70.0787 
  134370.00     1.00010     70.0787 
  134380.00     1.00010     70.0787 
  134390.00     1.00000     70.0787 
  134400.00     1.00000     70.0787 
  134410.00     1.00000     70.0787 
  134420.00     1.00010     70.0787 
  134430.00     1.00010     69.9001 
  134440.00     1.00000     69.9001 
  134450.00     1.00000     69.9001 
  134460.00     1.00000     69.9001 
  134470.00     1.00010     69.9001 
  134480.00     1.00010     70.0787 
  134490.00     1.00010     69.9001 
  134500.00     1.00000     70.0787 
  134510.00     1.00000     70.0787 
  134520.00     1.00000     70.0787 
  134530.00     1.00000     70.0787 
  134540.00     1.00010     70.0787 
  134550.00     1.00010     70.0787 
  134560.00     1.00010     70.0787 
  134570.00     1.00000     69.9001 
  134580.00     1.00000     69.9001 
  134590.00     1.00010     70.0787 
  134600.00     1.00010     70.0787 
  134610.00     1.00010     69.9001 
  134620.00     1.00010     69.9001 
  134630.00     1.00000     70.0787 
  134640.00     1.00000     69.9001 
  134650.00     1.00000     70.0787 
  134660.00     1.00000     70.0787 
  134670.00     1.00010     70.0787 
  134680.00     1.00010     69.9001 
  134690.00     1.00000     70.0787 
  134700.00     1.00000     70.2574 
  134710.00     1.00000     70.0787 
  134720.00     1.00010     69.9001 
  134730.00     1.00010     70.0787 
  134740.00     1.00010     69.9001 
  134750.00     1.00000     70.0787 
  134760.00     1.00000     69.9001 
  134770.00     1.00000     69.9001 
  134780.00     1.00000     69.9001 
  134790.00     1.00000     69.9001 
  134800.00     1.00000     70.0787 
  134810.00     1.00000     69.7224 
  134820.00     1.00000     70.0787 
  134830.00     1.00000     70.0787 
  134840.00     1.00010     69.9001 
  134850.00     1.00010     69.9001 
  134860.00     1.00010     70.0787 
  134870.00     1.00000     70.0787 
  134880.00     1.00000     70.0787 
  134890.00     1.00000     69.7224 
  134900.00     1.00010     69.9001 
  134910.00     1.00010     69.9001 
  134920.00     1.00010     69.7224 
  134930.00     1.00000     69.9001 
  134940.00     1.00000     69.9001 
  134950.00     1.00010     69.9001 
  134960.00     1.00010     69.7224 
  134970.00     1.00010     69.9001 
  134980.00     1.00000     70.0787 
  134990.00     1.00000     69.9001 
  135000.00     1.00000     70.0787 
  135010.00     1.00000     70.0787 
  135020.00     1.00010     69.9001 
  135030.00     1.00010     69.9001 
  135040.00     1.00010     69.7224 
  135050.00     1.00000     69.9001 
  135060.00     1.00000     69.9001 
  135070.00     1.00000     69.9001 
  135080.00     1.00010     69.9001 
  135090.00     1.00010     69.9001 
  135100.00     1.00010     69.9001 
  135110.00     1.00000     70.0787 
  135120.00     1.00000     69.9001 
  135130.00     1.00000     70.0787 
  135140.00     1.00010     69.7224 
  135150.00     1.00010     70.0787 
  135160.00     1.00010     69.7224 
  135170.00     1.00000     69.9001 
  135180.00     1.00000     69.7224 
  135190.00     1.00000     69.9001 
  135200.00     1.00010     69.7224 
  135210.00     1.00010     69.9001 
  135220.00     1.00010     69.7224 
  135230.00     1.00000     69.9001 
  135240.00     1.00000     69.7224 
  135250.00     1.00000     69.9001 
  135260.00     1.00000     69.5438 
  135270.00     1.00010     69.7224 
  135280.00     1.00010     69.7224 
  135290.00     1.00000     69.9001 
  135300.00     1.00000     69.9001 
  135310.00     1.00000     69.9001 
  135320.00     1.00010     69.9001 
  135330.00     1.00010     69.7224 
  135340.00     1.00010     69.9001 
  135350.00     1.00000     69.7224 
  135360.00     1.00000     69.7224 
  135370.00     1.00010     69.9001 
  135380.00     1.00010     69.7224 
  135390.00     1.00010     69.9001 
  135400.00     1.00010     69.9001 
  135410.00     1.00000     70.0787 
  135420.00     1.00000     70.0787 
  135430.00     1.00000     69.7224 
  135440.00     1.00010     69.7224 
  135450.00     1.00010     69.7224 
  135460.00     1.00010     69.9001 
  135470.00     1.00000     69.9001 
  135480.00     1.00000     69.7224 
  135490.00     1.00000     69.5438 
  135500.00     1.00010     69.7224 
  135510.00     1.00010     69.7224 
  135520.00     1.00000     69.7224 
  135530.00     1.00000     69.7224 
  135540.00     1.00000     69.9001 
  135550.00     1.00010     69.5438 
  135560.00     1.00000     69.7224 
  135570.00     1.00010     69.3651 
  135580.00     1.00010     69.3651 
  135590.00     1.00010     69.7224 
  135600.00     1.00000     69.5438 
  135610.00     1.00000     69.7224 
  135620.00     1.00000     69.3651 
  135630.00     1.00010     69.5438 
  135640.00     1.00010     69.5438 
  135650.00     1.00000     69.5438 
  135660.00     1.00000     69.3651 
  135670.00     1.00000     69.5438 
  135680.00     1.00010     69.5438 
  135690.00     1.00010     69.1874 
  135700.00     1.00010     70.7923 
  135710.00     1.00010     68.2952 
  135720.00     1.00010     68.8302 
  135730.00     1.00000     68.2952 
  135740.00     1.00000     67.9389 
  135750.00     1.00010     67.9389 
  135760.00     1.00010     67.9389 
  135770.00     1.00010     65.9777 
  135780.00     1.00000     62.9456 
  135790.00     1.00000     57.0620 
  135800.00     1.00000     55.4571 
  135810.00     1.00010     54.5649 
  135820.00     1.00010     58.4883 
  135830.00     1.00000     65.4427 
  135840.00     1.00000     68.2952 
  135850.00     1.00000     62.5893 
  135860.00     1.00010     62.0543 
  135870.00     1.00010     53.1387 
  135880.00     1.00000     62.7679 
  135890.00     1.00010     67.4039 
  135900.00     1.00000     71.5049 
  135910.00     1.00000     72.2186 
  135920.00     1.00010     71.6836 
  135930.00     1.00010     72.7535 
  135940.00     1.00010     72.2186 
  135950.00     1.00010     71.6836 
  135960.00     1.00000     71.3273 
  135970.00     1.00000     71.5049 
  135980.00     1.00000     71.6836 
  135990.00     1.00010     70.7923 
  136000.00     1.00010     71.3273 
  136010.00     1.00010     70.6137 
  136020.00     1.00000     70.9700 
  136030.00     1.00000     70.6137 
  136040.00     1.00010     69.3651 
  136050.00     1.00010     71.1486 
  136060.00     1.00010     69.7224 
  136070.00     1.00010     70.2574 
  136080.00     1.00010     68.6525 
  136090.00     1.00000     67.9389 
  136100.00     1.00010     70.2574 
  136110.00     1.00010     69.0088 
  136120.00     1.00010     69.9001 
  136130.00     1.00010     69.7224 
  136140.00     1.00000     69.3651 
  136150.00     1.00000     69.9001 
  136160.00     1.00010     69.0088 
  136170.00     1.00010     69.3651 
  136180.00     1.00010     68.8302 
  136190.00     1.00000     69.5438 
  136200.00     1.00000     69.9001 
  136210.00     1.00000     70.0787 
  136220.00     1.00000     70.0787 
  136230.00     1.00000     69.9001 
  136240.00     1.00010     70.4350 
  136250.00     1.00010     70.6137 
  136260.00     1.00000     69.9001 
  136270.00     1.00000     70.4350 
  136280.00     1.00010     70.0787 
  136290.00     1.00010     69.9001 
  136300.00     1.00010     69.7224 
  136310.00     1.00010     70.0787 
  136320.00     1.00000     69.5438 
  136330.00     1.00000     69.7224 
  136340.00     1.00010     69.7224 
  136350.00     1.00010     69.9001 
  136360.00     1.00010     69.5438 
  136370.00     1.00000     69.9001 
  136380.00     1.00000     69.5438 
  136390.00     1.00000     69.5438 
  136400.00     1.00010     69.3651 
  136410.00     1.00010     69.5438 
  136420.00     1.00010     68.8302 
  136430.00     1.00000     69.9001 
  136440.00     1.00000     69.5438 
  136450.00     1.00010     69.3651 
  136460.00     1.00010     68.4738 
  136470.00     1.00010     69.0088 
  136480.00     1.00010     69.5438 
  136490.00     1.00000     69.5438 
  136500.00     1.00000     69.0088 
  136510.00     1.00000     69.0088 
  136520.00     1.00010     70.4350 
  136530.00     1.00010     69.7224 
  136540.00     1.00010     69.0088 
  136550.00     1.00010     68.4738 
  136560.00     1.00000     67.7602 
  136570.00     1.00010     67.7602 
  136580.00     1.00000     65.7990 
  136590.00     1.00000     68.2952 
  136600.00     1.00010     68.1175 
  136610.00     1.00010     67.9389 
  136620.00     1.00000     69.1874 
  136630.00     1.00000     69.1874 
  136640.00     1.00010     67.7602 
  136650.00     1.00010     69.7224 
  136660.00     1.00000     69.1874 
  136670.00     1.00010     68.2952 
  136680.00     1.00000     69.7224 
  136690.00     1.00000     68.8302 
  136700.00     1.00010     67.5826 
  136710.00     1.00010     69.7224 
  136720.00     1.00010     68.4738 
  136730.00     1.00000     67.7602 
  136740.00     1.00000     69.3651 
  136750.00     1.00000     68.4738 
  136760.00     1.00010     67.4039 
  136770.00     1.00010     69.0088 
  136780.00     1.00010     67.4039 
  136790.00     1.00000     68.6525 
  136800.00     1.00000     67.5826 
  136810.00     1.00000     62.7679 
  136820.00     1.00000     56.8834 
  136830.00     1.00010     60.2708 
  136840.00     1.00010     63.3029 
  136850.00     1.00010     60.4494 
  136860.00     1.00000     65.9777 
  136870.00     1.00000     66.6903 
  136880.00     1.00010     64.3728 
  136890.00     1.00010     67.0476 
  136900.00     1.00010     68.2952 
  136910.00     1.00010     64.9078 
  136920.00     1.00000     67.4039 
  136930.00     1.00000     68.6525 
  136940.00     1.00000     64.0155 
  136950.00     1.00010     67.7602 
  136960.00     1.00010     67.7602 
  136970.00     1.00010     63.6592 
  136980.00     1.00000     67.4039 
  136990.00     1.00000     67.4039 
  137000.00     1.00000     64.0155 
  137010.00     1.00010     66.8690 
  137020.00     1.00010     67.4039 
  137030.00     1.00010     63.8379 
  137040.00     1.00000     66.8690 
  137050.00     1.00000     67.7602 
  137060.00     1.00000     63.3029 
  137070.00     1.00000     67.7602 
  137080.00     1.00010     64.3728 
  137090.00     1.00000     65.4427 
  137100.00     1.00000     65.0854 
  137110.00     1.00000     67.0476 
  137120.00     1.00010     67.0476 
  137130.00     1.00010     67.5826 
  137140.00     1.00010     67.4039 
  137150.00     1.00010     67.7602 
  137160.00     1.00000     67.9389 
  137170.00     1.00000     68.1175 
  137180.00     1.00000     68.1175 
  137190.00     1.00000     67.9389 
  137200.00     1.00010     68.1175 
  137210.00     1.00000     67.7602 
  137220.00     1.00000     68.2952 
  137230.00     1.00000     68.1175 
  137240.00     1.00000     67.7602 
  137250.00     1.00010     67.7602 
  137260.00     1.00010     57.2397 
  137270.00     1.00010     56.5271 
  137280.00     1.00000     58.3096 
  137290.00     1.00010     65.9777 
  137300.00     1.00000     66.5127 
  137310.00     1.00010     69.1874 
  137320.00     1.00010     70.4350 
  137330.00     1.00010     72.7535 
  137340.00     1.00000     69.7224 
  137350.00     1.00000     69.1874 
  137360.00     1.00000     69.9001 
  137370.00     1.00010     67.7602 
  137380.00     1.00010     69.1874 
  137390.00     1.00000     67.2253 
  137400.00     1.00000     65.9777 
  137410.00     1.00000     65.7990 
  137420.00     1.00000     63.8379 
  137430.00     1.00010     62.9456 
  137440.00     1.00010     61.8757 
  137450.00     1.00010     61.1631 
  137460.00     1.00010     59.5582 
  137470.00     1.00000     59.5582 
  137480.00     1.00000     57.2397 
  137490.00     1.00010     56.5271 
  137500.00     1.00010     55.6348 
  137510.00     1.00000     54.3872 
  137520.00     1.00000     53.8523 
  137530.00     1.00000     52.6037 
  137540.00     1.00000     51.8901 
  137550.00     1.00010     51.1775 
  137560.00     1.00010     50.4639 
  137570.00     1.00010     49.3939 
  137580.00     1.00000     48.5027 
  137590.00     1.00000     47.7891 
  137600.00     1.00000     47.0755 
  137610.00     1.00010     46.1842 
  137620.00     1.00010     45.4706 
  137630.00     1.00010     44.5793 
  137640.00     1.00000     44.0443 
  137650.00     1.00000     42.9744 
  137660.00     1.00000     42.4395 
  137670.00     1.00010     41.5482 
  137680.00     1.00010     41.0132 
  137690.00     1.00010     40.1210 
  137700.00     1.00000     39.4084 
  137710.00     1.00000     38.8734 
  137720.00     1.00000     37.8035 
  137730.00     1.00010     37.4462 
  137740.00     1.00010     36.7336 
  137750.00     1.00010     35.8413 
  137760.00     1.00000     34.4151 
  137770.00     1.00000     33.8801 
  137780.00     1.00000     32.9888 
  137790.00     1.00000     32.2752 
  137800.00     1.00000     31.9189 
  137810.00     1.00000     30.6704 
  137820.00     1.00000     29.9577 
  137830.00     1.00000     29.4228 
  137840.00     1.00000     28.5305 
  137850.00     1.00010     27.9956 
  137860.00     1.00010     27.2829 
  137870.00     1.00000     26.5693 
  137880.00     1.00000     25.6781 
  137890.00     1.00000     25.1431 
  137900.00     1.00000     24.6081 
  137910.00     1.00000     23.8945 
  137920.00     1.00010     23.1809 
  137930.00     1.00010     22.8246 
  137940.00     1.00000     22.1110 
  137950.00     1.00000     21.5760 
  137960.00     1.00000     20.8634 
  137970.00     1.00010     20.1498 
  137980.00     1.00010     19.6149 
  137990.00     1.00010     19.2585 
  138000.00     1.00000     18.7236 
  138010.00     1.00000     18.1886 
  138020.00     1.00010     17.4750 
  138030.00     1.00000     16.9401 
  138040.00     1.00010     16.5837 
  138050.00     1.00000     16.2264 
  138060.00     1.00000     15.6915 
  138070.00     1.00000     15.1565 
  138080.00     1.00000     14.6216 
  138090.00     1.00010     13.9089 
  138100.00     1.00010     13.3740 
  138110.00     1.00010     13.0167 
  138120.00     1.00000     12.6604 
  138130.00     1.00000     11.7691 
  138140.00     1.00000     11.4128 
  138150.00     1.00010     11.0555 
  138160.00     1.00010     10.6992 
  138170.00     1.00010     10.5205 
  138180.00     1.00000     10.1642 
  138190.00     1.00000      9.2730 
  138200.00     1.00000      8.7380 
  138210.00     1.00010      8.5594 
  138220.00     1.00010      8.2030 
  138230.00     1.00010      7.6681 
  138240.00     1.00000      7.3108 
  138250.00     1.00000      7.3108 
  138260.00     1.00000      6.9545 
  138270.00     1.00010      6.4195 
  138280.00     1.00010      6.2409 
  138290.00     1.00010      5.8846 
  138300.00     1.00000      5.8846 
  138310.00     1.00000      5.5282 
  138320.00     1.00000      5.1709 
  138330.00     1.00000      5.1709 
  138340.00     1.00010      4.8146 
  138350.00     1.00010      4.9933 
  138360.00     1.00000      4.6360 
  138370.00     1.00000      4.4583 
  138380.00     1.00000      4.1010 
  138390.00     1.00000      4.1010 
  138400.00     1.00010      3.9234 
  138410.00     1.00010      3.7447 
  138420.00     1.00000      3.5661 
  138430.00     1.00000      3.5661 
  138440.00     1.00000      3.0311 
  138450.00     1.00010      3.0311 
  138460.00     1.00010      3.0311 
  138470.00     1.00010      2.8534 
  138480.00     1.00000      2.6748 
  138490.00     1.00000      2.6748 
  138500.00     1.00000      2.4961 
  138510.00     1.00000      2.3185 
  138520.00     1.00010      2.4961 
  138530.00     1.00010      2.4961 
  138540.00     1.00000      2.3185 
  138550.00     1.00000      2.1398 
  138560.00     1.00000      2.1398 
  138570.00     1.00010      1.9612 
  138580.00     1.00010      1.9612 
  138590.00     1.00010      1.9612 
  138600.00     1.00000      1.7835 
  138610.00     1.00000      1.7835 
  138620.00     1.00000      1.7835 
  138630.00     1.00000      1.6049 
  138640.00     1.00010      1.7835 
  138650.00     1.00010      1.6049 
  138660.00     1.00000      1.4262 
  138670.00     1.00000      1.6049 
  138680.00     1.00000      1.6049 
  138690.00     1.00010      1.4262 
  138700.00     1.00010      1.4262 
  138710.00     1.00010      1.4262 
  138720.00     1.00010      1.2486 
  138730.00     1.00000      1.4262 
  138740.00     1.00000      1.4262 
  138750.00     1.00010      1.4262 
  138760.00     1.00000      1.4262 
  138770.00     1.00010      1.4262 
  138780.00     1.00000      1.4262 
  138790.00     1.00000      1.0699 
  138800.00     1.00000      1.4262 
  138810.00     1.00010      1.0699 
  138820.00     1.00010      1.2486 
  138830.00     1.00010      1.2486 
  138840.00     1.00000      1.2486 
  138850.00     1.00000      1.0699 
  138860.00     1.00000      1.0699 
  138870.00     1.00010      1.2486 
  138880.00     1.00010      1.2486 
  138890.00     1.00010      1.0699 
  138900.00     1.00000      1.2486 
  138910.00     1.00000      1.4262 
  138920.00     1.00000      1.2486 
  138930.00     1.00010      1.0699 
  138940.00     1.00010      1.0699 
  138950.00     1.00010      1.2486 
  138960.00     1.00010      1.0699 
  138970.00     1.00010      1.0699 
  138980.00     1.00010      1.2486 
  138990.00     1.00000      1.2486 
  139000.00     1.00010      1.0699 
  139010.00     1.00010      1.0699 
  139020.00     1.00000      1.0699 
  139030.00     1.00000      1.0699 
  139040.00     1.00000      1.0699 
  139050.00     1.00010      1.0699 
  139060.00     1.00010      1.0699 
  139070.00     1.00010      1.2486 
  139080.00     1.00010      1.2486 
  139090.00     1.00000      1.0699 
  139100.00     1.00000      1.2486 
  139110.00     1.00010      1.0699 
  139120.00     1.00010      1.2486 
  139130.00     1.00010      1.0699 
  139140.00     1.00010      1.0699 
  139150.00     1.00000      1.0699 
  139160.00     1.00000      0.8913 
  139170.00     1.00010      1.0699 
  139180.00     1.00010      1.0699 
  139190.00     1.00010      1.0699 
  139200.00     1.00000      1.0699 
  139210.00     1.00000      1.0699 
  139220.00     1.00000      1.0699 
  139230.00     1.00000      1.0699 
  139240.00     1.00010      1.0699 
  139250.00     1.00010      0.8913 
  139260.00     1.00000      0.8913 
  139270.00     1.00000      0.8913 
  139280.00     1.00010      0.8913 
  139290.00     1.00010      0.8913 
  139300.00     1.00010      1.0699 
  139310.00     1.00010      1.0699 
  139320.00     1.00000      0.8913 
  139330.00     1.00000      0.8913 
  139340.00     1.00000      1.0699 
  139350.00     1.00000      1.0699 
  139360.00     1.00010      1.0699 
  139370.00     1.00010      1.0699 
  139380.00     1.00000      1.0699 
  139390.00     1.00000      1.0699 
  139400.00     1.00000      0.8913 
  139410.00     1.00010      0.8913 
  139420.00     1.00010      0.8913 
  139430.00     1.00010      1.0699 
  139440.00     1.00000      0.8913 
  139450.00     1.00000      0.7136 
  139460.00     1.00010      0.7136 
  139470.00     1.00010      0.8913 
  139480.00     1.00010      0.8913 
  139490.00     1.00010      0.7136 
  139500.00     1.00000      0.8913 
  139510.00     1.00000      0.8913 
  139520.00     1.00000      0.8913 
  139530.00     1.00010      0.8913 
  139540.00     1.00010      0.8913 
  139550.00     1.00010      0.7136 
  139560.00     1.00010      1.0699 
  139570.00     1.00010      0.8913 
  139580.00     1.00000      0.7136 
  139590.00     1.00000      0.8913 
  139600.00     1.00010      0.7136 
  139610.00     1.00010      0.7136 
  139620.00     1.00000      0.5350 
  139630.00     1.00000      0.7136 
  139640.00     1.00000      0.7136 
  139650.00     1.00010      0.8913 
  139660.00     1.00010      0.7136 
  139670.00     1.00010      0.8913 
  139680.00     1.00000      0.7136 
  139690.00     1.00000      0.8913 
  139700.00     1.00000      0.7136 
  139710.00     1.00000      0.7136 
  139720.00     1.00010      0.5350 
  139730.00     1.00010      0.7136 
  139740.00     1.00010      0.5350 
  139750.00     1.00000      0.7136 
  139760.00     1.00000      0.7136 
  139770.00     1.00010      0.7136 
  139780.00     1.00010      0.7136 
  139790.00     1.00010      0.5350 
  139800.00     1.00000      0.8913 
  139810.00     1.00000      0.7136 
  139820.00     1.00000      0.8913 
  139830.00     1.00000      0.7136 
  139840.00     1.00000      0.7136 
  139850.00     1.00010      0.7136 
  139860.00     1.00010      0.7136 
  139870.00     1.00000      0.5350 
  139880.00     1.00000      0.7136 
  139890.00     1.00000      0.7136 
  139900.00     1.00010      0.7136 
  139910.00     1.00010      0.7136 
  139920.00     1.00010      0.8913 
  139930.00     1.00000      0.7136 
  139940.00     1.00000      0.7136 
  139950.00     1.00000      0.7136 
  139960.00     1.00000      0.7136 
  139970.00     1.00010      0.7136 
  139980.00     1.00010      0.5350 
  139990.00     1.00000      0.7136 
  140000.00     1.00000      0.7136 
  140010.00     1.00000      0.7136 
  140020.00     1.00010      0.7136 
  140030.00     1.00010      0.7136 
  140040.00     1.00010      0.5350 
  140050.00     1.00000      0.7136 
  140060.00     1.00000      0.5350 
  140070.00     1.00000      0.7136 
  140080.00     1.00000      0.5350 
  140090.00     1.00010      0.7136 
  140100.00     1.00010      0.7136 
  140110.00     1.00000      0.7136 
  140120.00     1.00000      0.5350 
  140130.00     1.00000      0.7136 
  140140.00     1.00010      0.7136 
  140150.00     1.00010      0.7136 
  140160.00     1.00010      0.8913 
  140170.00     1.00000      0.7136 
  140180.00     1.00000      0.5350 
  140190.00     1.00010      0.8913 
  140200.00     1.00000      0.7136 
  140210.00     1.00010      0.8913 
  140220.00     1.00010      0.7136 
  140230.00     1.00000      0.7136 
  140240.00     1.00000      0.8913 
  140250.00     1.00000      0.7136 
  140260.00     1.00010      0.5350 
  140270.00     1.00010      0.7136 
  140280.00     1.00010      0.7136 
  140290.00     1.00000      0.7136 
  140300.00     1.00000      0.7136 
  140310.00     1.00000      0.7136 
  140320.00     1.00010      0.7136 
  140330.00     1.00010      0.8913 
  140340.00     1.00010      0.5350 
  140350.00     1.00000      0.5350 
  140360.00     1.00000      0.7136 
  140370.00     1.00000      0.5350 
  140380.00     1.00010      0.7136 
  140390.00     1.00010      0.5350 
  140400.00     1.00010      0.5350 
  140410.00     1.00000      0.7136 
  140420.00     1.00000      0.5350 
  140430.00     1.00000      0.5350 
  140440.00     1.00000      0.7136 
  140450.00     1.00010      0.7136 
  140460.00     1.00010      0.8913 
  140470.00     1.00000      0.5350 
  140480.00     1.00000      0.7136 
  140490.00     1.00000      0.5350 
  140500.00     1.00010      0.7136 
  140510.00     1.00010      0.5350 
  140520.00     1.00010      0.7136 
  140530.00     1.00000      0.7136 
  140540.00     1.00010      0.5350 
  140550.00     1.00000      0.5350 
  140560.00     1.00010      0.3563 
  140570.00     1.00010      0.7136 
  140580.00     1.00000      0.7136 
  140590.00     1.00000      0.7136 
  140600.00     1.00000      0.7136 
  140610.00     1.00010      0.7136 
  140620.00     1.00010      0.5350 
  140630.00     1.00010      0.7136 
  140640.00     1.00010      0.5350 
  140650.00     1.00000      0.7136 
  140660.00     1.00000      0.5350 
  140670.00     1.00000      0.7136 
  140680.00     1.00010      0.5350 
  140690.00     1.00010      0.7136 
  140700.00     1.00010      0.5350 
  140710.00     1.00000      0.7136 
  140720.00     1.00000      0.8913 
  140730.00     1.00000      0.5350 
  140740.00     1.00010      0.7136 
  140750.00     1.00010      0.7136 
  140760.00     1.00010      0.7136 
  140770.00     1.00000      0.8913 
  140780.00     1.00010      0.5350 
  140790.00     1.00000      0.5350 
  140800.00     1.00010      0.5350 
  140810.00     1.00010      0.5350 
  140820.00     1.00000      0.5350 
  140830.00     1.00000      0.7136 
  140840.00     1.00000      0.7136 
  140850.00     1.00000      0.7136 
  140860.00     1.00010      0.5350 
  140870.00     1.00010      0.7136 
  140880.00     1.00000      0.7136 
  140890.00     1.00000      0.7136 
  140900.00     1.00000      0.7136 
  140910.00     1.00000      0.7136 
  140920.00     1.00000      0.5350 
  140930.00     1.00000      0.7136 
  140940.00     1.00010      0.7136 
  140950.00     1.00000      0.5350 
  140960.00     1.00000      0.7136 
  140970.00     1.00000      0.7136 
  140980.00     1.00010      0.8913 
  140990.00     1.00010      0.7136 
  141000.00     1.00010      0.8913 
  141010.00     1.00000      0.7136 
  141020.00     1.00000      0.5350 
  141030.00     1.00000      0.3563 
  141040.00     1.00000      0.5350 
  141050.00     1.00010      0.5350 
  141060.00     1.00010      0.7136 
  141070.00     1.00000      0.5350 
  141080.00     1.00000      0.5350 
  141090.00     1.00000      0.5350 
  141100.00     1.00010      0.5350 
  141110.00     1.00010      0.5350 
  141120.00     1.00010      0.5350 
  141130.00     1.00000      0.5350 
  141140.00     1.00000      0.3563 
  141150.00     1.00000      0.5350 
  141160.00     1.00000      0.7136 
  141170.00     1.00010      0.7136 
  141180.00     1.00010      0.5350 
  141190.00     1.00010      0.5350 
  141200.00     1.00000      0.5350 
  141210.00     1.00000      0.5350 
  141220.00     1.00010      0.3563 
  141230.00     1.00010      0.5350 
  141240.00     1.00010      0.5350 
  141250.00     1.00010      0.5350 
  141260.00     1.00010      0.5350 
  141270.00     1.00000      0.5350 
  141280.00     1.00010      0.5350 
  141290.00     1.00010      0.5350 
  141300.00     1.00010      0.5350 
  141310.00     1.00000      0.5350 
  141320.00     1.00000      0.5350 
  141330.00     1.00000      0.5350 
  141340.00     1.00010      0.5350 
  141350.00     1.00010      0.3563 
  141360.00     1.00010      0.5350 
  141370.00     1.00000      0.5350 
  141380.00     1.00000      0.7136 
  141390.00     1.00000      0.5350 
  141400.00     1.00010      0.5350 
  141410.00     1.00010      0.8913 
  141420.00     1.00000      0.5350 
  141430.00     1.00000      0.7136 
  141440.00     1.00000      0.5350 
  141450.00     1.00000      0.5350 
  141460.00     1.00010      0.5350 
  141470.00     1.00010      0.5350 
  141480.00     1.00010      0.5350 
  141490.00     1.00000      0.3563 
  141500.00     1.00000      0.3563 
  141510.00     1.00000      0.5350 
  141520.00     1.00000      0.5350 
  141530.00     1.00010      0.5350 
  141540.00     1.00010      0.5350 
  141550.00     1.00000      0.5350 
  141560.00     1.00000      0.7136 
  141570.00     1.00000      0.7136 
  141580.00     1.00010      0.5350 
  141590.00     1.00010      0.5350 
  141600.00     1.00010      0.5350 
  141610.00     1.00000      0.7136 
  141620.00     1.00000      0.3563 
  141630.00     1.00000      0.7136 
  141640.00     1.00010      0.5350 
  141650.00     1.00010      0.7136 
  141660.00     1.00010      0.5350 
  141670.00     1.00000      0.7136 
  141680.00     1.00000      0.5350 
  141690.00     1.00000      0.3563 
  141700.00     1.00010      0.5350 
  141710.00     1.00010      0.5350 
  141720.00     1.00010      0.5350 
  141730.00     1.00010      0.5350 
  141740.00     1.00000      0.5350 
  141750.00     1.00000      0.7136 
  141760.00     1.00000      0.5350 
  141770.00     1.00010      0.7136 
  141780.00     1.00010      0.5350 
  141790.00     1.00010      0.5350 
  141800.00     1.00000      0.5350 
  141810.00     1.00000      0.5350 
  141820.00     1.00000      0.5350 
  141830.00     1.00010      0.5350 
  141840.00     1.00010      0.5350 
  141850.00     1.00000      0.7136 
  141860.00     1.00000      0.5350 
  141870.00     1.00000      0.5350 
  141880.00     1.00000      0.3563 
  141890.00     1.00010      0.5350 
  141900.00     1.00010      0.5350 
  141910.00     1.00000      0.7136 
  141920.00     1.00000      0.7136 
  141930.00     1.00000      0.3563 
  141940.00     1.00010      0.5350 
  141950.00     1.00010      0.5350 
  141960.00     1.00010      0.5350 
  141970.00     1.00010      0.7136 
  141980.00     1.00000      0.5350 
  141990.00     1.00000      0.7136 
  142000.00     1.00000      0.7136 
  142010.00     1.00010      0.5350 
  142020.00     1.00010      0.7136 
  142030.00     1.00010      0.5350 
  142040.00     1.00000      0.7136 
  142050.00     1.00000      0.7136 
  142060.00     1.00010      0.7136 
  142070.00     1.00010      0.7136 
  142080.00     1.00010      0.5350 
  142090.00     1.00010      0.3563 
  142100.00     1.00000      0.5350 
  142110.00     1.00000      0.5350 
  142120.00     1.00000      0.5350 
  142130.00     1.00010      0.5350 
  142140.00     1.00000      0.7136 
  142150.00     1.00000      0.7136 
  142160.00     1.00000      0.7136 
  142170.00     1.00000      0.5350 
  142180.00     1.00000      0.7136 
  142190.00     1.00010      0.5350 
  142200.00     1.00010      0.7136 
  142210.00     1.00000      0.7136 
  142220.00     1.00000      0.7136 
  142230.00     1.00000      0.7136 
  142240.00     1.00010      0.7136 
  142250.00     1.00000      0.7136 
  142260.00     1.00010      0.7136 
  142270.00     1.00010      0.7136 
  142280.00     1.00000      0.7136 
  142290.00     1.00000      0.7136 
  142300.00     1.00000      0.7136 
  142310.00     1.00010      0.7136 
  142320.00     1.00010      0.7136 
  142330.00     1.00000      0.5350 
  142340.00     1.00000      0.7136 
  142350.00     1.00000      0.8913 
  142360.00     1.00000      0.8913 
  142370.00     1.00010      0.8913 
  142380.00     1.00010      0.5350 
  142390.00     1.00000      0.7136 
  142400.00     1.00000      0.5350 
  142410.00     1.00000      0.7136 
  142420.00     1.00010      0.7136 
  142430.00     1.00010      0.7136 
  142440.00     1.00010      0.5350 
  142450.00     1.00010      0.3563 
  142460.00     1.00000      0.5350 
  142470.00     1.00000      0.7136 
  142480.00     1.00000      0.3563 
  142490.00     1.00010      0.7136 
  142500.00     1.00010      0.3563 
  142510.00     1.00010      0.5350 
  142520.00     1.00000      0.5350 
  142530.00     1.00000      0.5350 
  142540.00     1.00010      0.5350 
  142550.00     1.00000      0.5350 
  142560.00     1.00010      0.5350 
  142570.00     1.00000      0.5350 
  142580.00     1.00000      0.7136 
  142590.00     1.00000      0.5350 
  142600.00     1.00000      0.7136 
  142610.00     1.00010      0.5350 
  142620.00     1.00010      0.7136 
  142630.00     1.00000      0.7136 
  142640.00     1.00000      0.7136 
  142650.00     1.00000      0.7136 
  142660.00     1.00010      0.5350 
  142670.00     1.00010      0.7136 
  142680.00     1.00010      0.5350 
  142690.00     1.00000      0.7136 
  142700.00     1.00000      0.7136 
  142710.00     1.00000      0.7136 
  142720.00     1.00000      0.7136 
  142730.00     1.00010      0.7136 
  142740.00     1.00010      0.7136 
  142750.00     1.00000      0.7136 
  142760.00     1.00000      0.7136 
  142770.00     1.00000      0.7136 
  142780.00     1.00010      0.7136 
  142790.00     1.00010      0.7136 
  142800.00     1.00010      0.8913 
  142810.00     1.00010      0.5350 
  142820.00     1.00000      0.7136 
  142830.00     1.00000      0.5350 
  142840.00     1.00000      0.3563 
  142850.00     1.00000      0.7136 
  142860.00     1.00010      0.7136 
  142870.00     1.00010      0.7136 
  142880.00     1.00000      0.5350 
  142890.00     1.00000      0.5350 
  142900.00     1.00000      0.5350 
  142910.00     1.00010      0.3563 
  142920.00     1.00010      0.7136 
  142930.00     1.00000      0.7136 
  142940.00     1.00000      0.7136 
  142950.00     1.00000      0.7136 
  142960.00     1.00000      0.7136 
  142970.00     1.00010      0.7136 
  142980.00     1.00010      0.5350 
  142990.00     1.00010      0.7136 
  143000.00     1.00000      0.7136 
  143010.00     1.00000      0.5350 
  143020.00     1.00010      0.5350 
  143030.00     1.00010      0.7136 
  143040.00     1.00010      0.5350 
  143050.00     1.00010      0.5350 
  143060.00     1.00000      0.5350 
  143070.00     1.00000      0.7136 
  143080.00     1.00000      0.5350 
  143090.00     1.00010      0.5350 
  143100.00     1.00010      0.7136 
  143110.00     1.00010      0.5350 
  143120.00     1.00000      0.5350 
  143130.00     1.00000      0.7136 
  143140.00     1.00010      0.7136 
  143150.00     1.00010      0.8913 
  143160.00     1.00010      0.7136 
  143170.00     1.00010      0.7136 
  143180.00     1.00000      0.5350 
  143190.00     1.00000      0.7136 
  143200.00     1.00010      0.5350 
  143210.00     1.00010      0.7136 
  143220.00     1.00010      0.7136 
  143230.00     1.00000      0.5350 
  143240.00     1.00000      0.5350 
  143250.00     1.00000      0.7136 
  143260.00     1.00000      0.7136 
  143270.00     1.00010      0.3563 
  143280.00     1.00010      0.5350 
  143290.00     1.00000      0.5350 
  143300.00     1.00000      0.5350 
  143310.00     1.00000      0.5350 
  143320.00     1.00010      0.3563 
  143330.00     1.00000      0.5350 
  143340.00     1.00010      0.5350 
  143350.00     1.00000      0.5350 
  143360.00     1.00000      0.5350 
  143370.00     1.00000      0.5350 
  143380.00     1.00000      0.3563 
  143390.00     1.00010      0.3563 
  143400.00     1.00010      0.5350 
  143410.00     1.00000      0.7136 
  143420.00     1.00010      0.3563 
  143430.00     1.00000      0.3563 
  143440.00     1.00000      0.5350 
  143450.00     1.00010      0.7136 
  143460.00     1.00010      0.5350 
  143470.00     1.00000      0.5350 
  143480.00     1.00000      0.7136 
  143490.00     1.00000      0.5350 
  143500.00     1.00010      0.3563 
  143510.00     1.00010      0.5350 
  143520.00     1.00010      0.5350 
  143530.00     1.00000      0.3563 
  143540.00     1.00000      0.5350 
  143550.00     1.00000      0.3563 
  143560.00     1.00000      0.3563 
  143570.00     1.00000      0.3563 
  143580.00     1.00010      0.5350 
  143590.00     1.00010      0.3563 
  143600.00     1.00000      0.3563 
  143610.00     1.00000      0.5350 
  143620.00     1.00010      0.3563 
  143630.00     1.00010      0.5350 
  143640.00     1.00010      0.5350 
  143650.00     1.00010      0.5350 
  143660.00     1.00000      0.5350 
  143670.00     1.00010      0.5350 
  143680.00     1.00000      0.5350 
  143690.00     1.00000      0.5350 
  143700.00     1.00010      0.7136 
  143710.00     1.00010      0.5350 
  143720.00     1.00010      0.7136 
  143730.00     1.00000      0.7136 
  143740.00     1.00000      0.5350 
  143750.00     1.00010      0.7136 
  143760.00     1.00010      0.5350 
  143770.00     1.00010      0.7136 
  143780.00     1.00000      0.3563 
  143790.00     1.00000      0.3563 
  143800.00     1.00000      0.5350 
  143810.00     1.00010      0.5350 
  143820.00     1.00010      0.7136 
  143830.00     1.00010      0.7136 
  143840.00     1.00000      0.7136 
  143850.00     1.00000      0.7136 
  143860.00     1.00000      0.5350 
  143870.00     1.00000      0.7136 
  143880.00     1.00010      0.7136 
  143890.00     1.00010      0.7136 
  143900.00     1.00010      0.5350 
  143910.00     1.00000      0.3563 
  143920.00     1.00000      0.7136 
  143930.00     1.00000      0.7136 
  143940.00     1.00010      0.5350 
  143950.00     1.00010      0.8913 
  143960.00     1.00010      0.5350 
  143970.00     1.00000      0.5350 
  143980.00     1.00000      0.7136 
  143990.00     1.00000      0.5350 
  144000.00     1.00010      0.5350 
  144010.00     1.00000      0.5350 
  144020.00     1.00000      0.5350 
  144030.00     1.00000      0.7136 
  144040.00     1.00000      0.7136 
  144050.00     1.00000      0.7136 
  144060.00     1.00010      0.7136 
  144070.00     1.00010      0.7136 
  144080.00     1.00000      0.3563 
  144090.00     1.00000      0.5350 
  144100.00     1.00000      0.7136 
  144110.00     1.00010      0.7136 
  144120.00     1.00010      0.7136 
  144130.00     1.00000      0.7136 
  144140.00     1.00000      0.7136 
  144150.00     1.00000      0.7136 
  144160.00     1.00000      0.8913 
  144170.00     1.00000      0.5350 
  144180.00     1.00010      0.7136 
  144190.00     1.00010      0.5350 
  144200.00     1.00000      0.5350 
  144210.00     1.00000      0.5350 
  144220.00     1.00000      0.7136 
  144230.00     1.00000      0.5350 
  144240.00     1.00000      0.3563 
  144250.00     1.00010      0.5350 
  144260.00     1.00000      0.3563 
  144270.00     1.00000      0.5350 
  144280.00     1.00000      0.7136 
  144290.00     1.00000      0.7136 
  144300.00     1.00010      0.5350 
  144310.00     1.00010      0.8913 
  144320.00     1.00000      0.7136 
  144330.00     1.00000      0.7136 
  144340.00     1.00000      0.7136 
  144350.00     1.00010      0.8913 
  144360.00     1.00010      0.7136 
  144370.00     1.00010      0.7136 
  144380.00     1.00000      0.7136 
  144390.00     1.00000      0.7136 
  144400.00     1.00000      0.7136 
  144410.00     1.00000      0.7136 
  144420.00     1.00010      1.0699 
  144430.00     1.00010      0.7136 
  144440.00     1.00000      0.7136 
  144450.00     1.00000      0.7136 
  144460.00     1.00000      0.8913 
  144470.00     1.00010      0.7136 
  144480.00     1.00010      0.7136 
  144490.00     1.00010      0.7136 
  144500.00     1.00000      0.8913 
  144510.00     1.00000      0.7136 
  144520.00     1.00000      0.7136 
  144530.00     1.00000      0.5350 
  144540.00     1.00000      0.7136 
  144550.00     1.00010      0.7136 
  144560.00     1.00000      0.7136 
  144570.00     1.00000      0.7136 
  144580.00     1.00000      0.5350 
  144590.00     1.00010      0.5350 
  144600.00     1.00000      0.7136 
  144610.00     1.00010      0.7136 
  144620.00     1.00000      0.7136 
  144630.00     1.00000      0.8913 
  144640.00     1.00000      0.5350 
  144650.00     1.00000      0.5350 
  144660.00     1.00010      0.7136 
  144670.00     1.00010      0.5350 
  144680.00     1.00000      0.7136 
  144690.00     1.00000      0.7136 
  144700.00     1.00000      0.7136 
  144710.00     1.00010      0.5350 
  144720.00     1.00010      0.7136 
  144730.00     1.00010      0.5350 
  144740.00     1.00000      0.5350 
  144750.00     1.00000      0.5350 
  144760.00     1.00000      0.5350 
  144770.00     1.00000      0.8913 
