ASI600A Export Data File
Created: Mon Sep 22 14:38:21 2025
    Time        L in        F in       SL in    
    (ms)        (Lo)       (kPa)        (um)    
       0.00     0.95066      1.3107    2.021500 
      50.00     0.95310      1.4795    2.034980 
     100.00     0.95559      1.4598    2.039580 
     150.00     0.95811      1.6424    2.045430 
     200.00     0.96064      1.6276    2.048190 
     250.00     0.96312      1.7381    2.046000 
     300.00     0.96566      1.7510    2.043560 
     350.00     0.96815      1.7292    2.033860 
     400.00     0.97066      1.7628    2.031290 
     450.00     0.97320      1.7855    2.034130 
     500.00     0.97566      1.8270    2.038610 
     550.00     0.97817      1.8368    2.042030 
     600.00     0.98069      1.9434    2.048770 
     650.00     0.98318      1.9572    2.056390 
     700.00     0.98570      2.2010    2.062800 
     750.00     0.98825      2.1724    2.072690 
     800.00     0.99071      2.2099    2.084440 
     850.00     0.99324      2.1566    2.092060 
     900.00     0.99576      2.3165    2.097820 
     950.00     0.99825      2.3284    2.105790 
    1000.00     0.99998      2.2504    2.110690 
    1050.00     1.00004      2.1921    2.111540 
    1100.00     1.00004      2.2632    2.114490 
    1150.00     1.00004      2.2454    2.114510 
    1200.00     1.00004      2.2089    2.115320 
    1250.00     1.00002      2.1329    2.115710 
    1300.00     1.00004      2.2681    2.115120 
    1350.00     1.00004      2.2030    2.116190 
    1400.00     1.00004      2.1596    2.116440 
    1450.00     1.00004      2.1616    2.116930 
    1500.00     1.00004      2.2691    2.117390 
    1550.00     1.00004      2.2070    2.117970 
    1600.00     1.00004      2.2356    2.118660 
    1650.00     1.00004      2.2030    2.118400 
    1700.00     1.00004      2.0846    2.118530 
    1750.00     1.00004      2.0688    2.119010 
    1800.00     1.00004      2.0905    2.117880 
    1850.00     1.00004      2.1537    2.119170 
    1900.00     1.00006      2.0609    2.119170 
    1950.00     1.00004      2.0431    2.119370 
    2000.00     1.00004      2.1053    2.118980 
    2050.00     1.00004      2.0411    2.119800 
    2100.00     1.00004      1.9947    2.119840 
    2150.00     1.00004      2.0727    2.119420 
    2200.00     1.00004      1.9987    2.121260 
    2250.00     1.00004      1.9434    2.119820 
    2300.00     1.00004      1.9740    2.120810 
    2350.00     1.00004      2.0145    2.122110 
    2400.00     1.00004      2.0293    2.120830 
    2450.00     1.00004      2.1537    2.121250 
    2500.00     1.00004      2.1537    2.119940 
    2550.00     1.00004      2.1122    2.122090 
    2600.00     1.00004      2.0500    2.119710 
    2650.00     1.00004      1.9908    2.121000 
    2700.00     1.00004      2.0471    2.121180 
    2750.00     1.00004      2.0046    2.120920 
    2800.00     1.00002      2.0471    2.121700 
    2850.00     1.00004      1.9681    2.122160 
    2900.00     1.00004      2.0609    2.121690 
    2950.00     1.00004      2.0036    2.121970 
    3000.00     1.00004      1.9276    2.121700 
    3050.00     1.00004      1.8161    2.121650 
    3100.00     1.00004      1.9128    2.121430 
    3150.00     1.00004      1.8783    2.122150 
    3200.00     1.00004      2.0698    2.121080 
    3250.00     1.00004      1.9197    2.122150 
    3300.00     1.00002      1.9217    2.123000 
    3350.00     1.00004      1.9010    2.122680 
    3400.00     1.00004      1.8872    2.122280 
    3450.00     1.00004      1.9918    2.121820 
    3500.00     1.00004      2.0579    2.122670 
    3550.00     1.00004      2.0165    2.123330 
    3600.00     1.00004      1.9612    2.122240 
    3650.00     1.00004      1.8171    2.122980 
    3700.00     1.00004      1.8329    2.122500 
    3750.00     1.00004      1.9434    2.121800 
    3800.00     1.00004      1.9128    2.123400 
    3850.00     1.00004      1.8566    2.122430 
    3900.00     1.00004      1.9928    2.123380 
    3950.00     1.00004      1.9908    2.124310 
    4000.00     1.00004      1.9809    2.122130 
    4050.00     1.00004      1.9612    2.123040 
    4100.00     1.00004      1.8862    2.122720 
    4150.00     1.00004      1.9316    2.123540 
    4200.00     1.00004      1.9316    2.123560 
    4250.00     1.00002      1.9878    2.122820 
    4300.00     1.00004      1.9878    2.122920 
    4350.00     1.00004      1.9671    2.122970 
    4400.00     1.00004      1.9898    2.123390 
    4450.00     1.00004      1.9750    2.123320 
    4500.00     1.00004      1.8901    2.123650 
    4550.00     1.00004      1.9770    2.123960 
    4600.00     1.00004      1.8684    2.123250 
    4650.00     1.00004      1.9740    2.124220 
    4700.00     1.00004      1.9572    2.123990 
    4750.00     1.00004      1.9257    2.124200 
    4800.00     1.00004      1.8497    2.124060 
    4850.00     1.00004      1.7391    2.122930 
    4900.00     1.00004      1.7243    2.123910 
    4950.00     1.00004      1.7766    2.124040 
    5000.00     1.00004      1.9454    2.123440 
    5050.00     1.00004      1.8319    2.124770 
    5100.00     1.00004      1.9178    2.123580 
    5150.00     1.00004      1.8733    2.124560 
    5200.00     1.00004      2.0569    2.123570 
    5250.00     1.00004      2.0550    2.124040 
    5300.00     1.00004      2.0017    2.123300 
    5350.00     1.00004      2.0905    2.123700 
    5400.00     1.00004      2.0323    2.123870 
    5450.00     1.00004      1.9701    2.123070 
    5500.00     1.00004      1.8911    2.124330 
    5550.00     1.00004      1.9454    2.123730 
    5600.00     1.00004      2.0076    2.123690 
    5650.00     1.00004      1.9987    2.123460 
    5700.00     1.00004      1.9859    2.123930 
    5750.00     1.00004      2.0125    2.124130 
    5800.00     1.00004      1.9592    2.123740 
    5850.00     1.00004      2.0392    2.124620 
    5900.00     1.00004      2.0224    2.124010 
    5950.00     1.00004      1.9859    2.124440 
    6000.00     1.00004      2.0332    2.124130 
    6050.00     1.00004      2.0046    2.124240 
    6100.00     1.00004      2.0056    2.124450 
    6150.00     1.00004      2.0717    2.125010 
    6200.00     1.00004      2.0599    2.124930 
    6250.00     1.00004      2.0944    2.125220 
    6300.00     1.00004      2.1033    2.124670 
    6350.00     1.00004      1.9020    2.125240 
    6400.00     1.00004      1.8240    2.124770 
    6450.00     1.00004      1.8605    2.125350 
    6500.00     1.00004      1.9582    2.124250 
    6550.00     1.00004      2.0461    2.124110 
    6600.00     1.00004      1.9424    2.123970 
    6650.00     1.00004      1.9039    2.124180 
    6700.00     1.00004      1.8585    2.124920 
    6750.00     1.00004      2.0204    2.123650 
    6800.00     1.00004      1.8625    2.124850 
    6850.00     1.00004      1.9543    2.124040 
    6900.00     1.00004      1.8487    2.124540 
    6950.00     1.00004      1.8457    2.124140 
    7000.00     1.00004      1.8803    2.124130 
    7050.00     1.00004      1.7628    2.123640 
    7100.00     1.00004      1.8013    2.123680 
    7150.00     1.00004      1.7253    2.123640 
    7200.00     1.00004      1.7667    2.125240 
    7250.00     1.00004      1.7401    2.124560 
    7300.00     1.00004      1.8250    2.125550 
    7350.00     1.00004      1.7914    2.124300 
    7400.00     1.00004      1.7697    2.123490 
    7450.00     1.00004      1.7539    2.123980 
    7500.00     1.00004      1.7559    2.123880 
    7550.00     1.00004      1.8724    2.123650 
    7600.00     1.00004      1.7855    2.123910 
    7650.00     1.00004      1.8329    2.123970 
    7700.00     1.00004      1.7559    2.124100 
    7750.00     1.00004      1.7964    2.124130 
    7800.00     1.00004      1.7519    2.124340 
    7850.00     1.00004      1.6947    2.124890 
    7900.00     1.00004      1.8181    2.125050 
    7950.00     1.00004      1.7243    2.124500 
    8000.00     1.00004      1.7983    2.125130 
    8050.00     1.00004      1.7559    2.124910 
    8100.00     1.00004      1.7816    2.124660 
    8150.00     1.00004      1.6611    2.124700 
    8200.00     1.00004      1.5802    2.125170 
    8250.00     1.00004      1.5782    2.125170 
    8300.00     1.00004      1.6197    2.124430 
    8350.00     1.00004      1.6069    2.123750 
    8400.00     1.00004      1.6483    2.124200 
    8450.00     1.00004      1.6187    2.124470 
    8500.00     1.00004      1.6414    2.124790 
    8550.00     1.00004      1.7036    2.124770 
    8600.00     1.00004      1.6631    2.125500 
    8650.00     1.00004      1.6009    2.123330 
    8700.00     1.00004      1.6187    2.125370 
    8750.00     1.00004      1.6305    2.125080 
    8800.00     1.00004      1.8052    2.124680 
    8850.00     1.00004      1.7480    2.124900 
    8900.00     1.00004      1.7342    2.124430 
    8950.00     1.00004      1.8220    2.124430 
    9000.00     1.00004      1.7164    2.125030 
    9050.00     1.00004      1.8131    2.124250 
    9100.00     1.00004      1.6661    2.124130 
    9150.00     1.00004      1.8181    2.124740 
    9200.00     1.00004      1.8230    2.124010 
    9250.00     1.00004      1.8349    2.124410 
    9300.00     1.00004      1.9276    2.123910 
    9350.00     1.00004      1.8181    2.124670 
    9400.00     1.00004      1.8181    2.124500 
    9450.00     1.00004      1.8605    2.124890 
    9500.00     1.00004      1.9533    2.125310 
    9550.00     1.00004      1.9049    2.124440 
    9600.00     1.00004      1.8674    2.124700 
    9650.00     1.00004      1.9109    2.124790 
    9700.00     1.00004      1.9237    2.123830 
    9750.00     1.00004      1.8832    2.124490 
    9800.00     1.00004      1.8842    2.124690 
    9850.00     1.00004      1.8793    2.125350 
    9900.00     1.00004      1.9720    2.125360 
    9950.00     1.00004      2.0323    2.125080 
   10000.00     1.00137      2.0066    2.124760 
   10050.00     1.00412      2.0461    2.126160 
   10100.00     1.00686      2.2050    2.129170 
   10150.00     1.00965      2.1981    2.130940 
   10200.00     1.01237      2.2060    2.131970 
   10250.00     1.01513      2.4172    2.135900 
   10300.00     1.01790      2.3708    2.140000 
   10350.00     1.02060      2.3619    2.142070 
   10400.00     1.02335      2.4132    2.146270 
   10450.00     1.02607      2.5050    2.148090 
   10500.00     1.02877      2.6067    2.149620 
   10550.00     1.03152      2.5939    2.150030 
   10600.00     1.03420      2.7834    2.151220 
   10650.00     1.03694      2.8120    2.153500 
   10700.00     1.03963      2.9235    2.152430 
   10750.00     1.04227      3.0390    2.158900 
   10800.00     1.04495      3.1130    2.159640 
   10850.00     1.04767      3.0824    2.161840 
   10900.00     1.05033      3.2127    2.166940 
   10950.00     1.05299      3.4160    2.169380 
   11000.00     1.05557      3.5098    2.178490 
   11050.00     1.05817      3.5325    2.185080 
   11100.00     1.06083      3.5759    2.188180 
   11150.00     1.06335      3.6766    2.191580 
   11200.00     1.06593      3.8849    2.193210 
   11250.00     1.06850      4.0240    2.193150 
   11300.00     1.07096      4.1089    2.193190 
   11350.00     1.07351      4.3004    2.191490 
   11400.00     1.07601      4.3606    2.188990 
   11450.00     1.07844      4.4198    2.184200 
   11500.00     1.08094      4.4633    2.186140 
   11550.00     1.08337      4.7485    2.187150 
   11600.00     1.08578      4.8206    2.189500 
   11650.00     1.08819      5.0328    2.193530 
   11700.00     1.09060      5.1848    2.196090 
   11750.00     1.09287      5.1482    2.197670 
   11800.00     1.09522      5.3002    2.199110 
   11850.00     1.09757      5.5500    2.201060 
   11900.00     1.09983      5.6309    2.203160 
   11950.00     1.10208      5.7898    2.204530 
   12000.00     1.10435      6.0533    2.206450 
   12050.00     1.10651      6.2261    2.208760 
   12100.00     1.10869      6.3327    2.211540 
   12150.00     1.11091      6.5695    2.214620 
   12200.00     1.11301      6.6939    2.220310 
   12250.00     1.11507      6.6317    2.226470 
   12300.00     1.11715      6.9199    2.232180 
   12350.00     1.11921      7.0285    2.236290 
   12400.00     1.12116      7.1617    2.239820 
   12450.00     1.12318      7.2841    2.242510 
   12500.00     1.12513      7.5121    2.244760 
   12550.00     1.12705      7.6651    2.246910 
   12600.00     1.12888      7.8260    2.248890 
   12650.00     1.13077      7.9593    2.251390 
   12700.00     1.13262      8.1270    2.254100 
   12750.00     1.13443      8.2100    2.256950 
   12800.00     1.13613      8.3087    2.259570 
   12850.00     1.13786      8.4883    2.263230 
   12900.00     1.13958      8.6432    2.267240 
   12950.00     1.14125      8.6383    2.275290 
   13000.00     1.14281      9.0094    2.281710 
   13050.00     1.14439      9.0144    2.285150 
   13100.00     1.14597      9.1150    2.287700 
   13150.00     1.14751      9.3618    2.289910 
   13200.00     1.14900      9.4941    2.291820 
   13250.00     1.15037      9.5770    2.293110 
   13300.00     1.15181      9.5799    2.294570 
   13350.00     1.15318      9.7823    2.295640 
   13400.00     1.15453      9.9816    2.296730 
   13450.00     1.15582      9.9431    2.297700 
   13500.00     1.15703      9.9412    2.298720 
   13550.00     1.15825     10.1307    2.299490 
   13600.00     1.15944     10.2925    2.300490 
   13650.00     1.16060     10.3824    2.301420 
   13700.00     1.16171     10.5877    2.302550 
   13750.00     1.16276     10.6459    2.303430 
   13800.00     1.16374     10.6123    2.304520 
   13850.00     1.16470     10.7476    2.305780 
   13900.00     1.16565     10.7860    2.306660 
   13950.00     1.16653     10.9904    2.307640 
   14000.00     1.16740     10.7989    2.308800 
   14050.00     1.16821     10.9657    2.309850 
   14100.00     1.16900     11.0446    2.310690 
   14150.00     1.16973     10.8778    2.311510 
   14200.00     1.17042     10.8601    2.312820 
   14250.00     1.17106     10.9795    2.314280 
   14300.00     1.17158     10.8917    2.315190 
   14350.00     1.17218     10.7624    2.316540 
   14400.00     1.17270     10.8808    2.317770 
   14450.00     1.17314     10.8433    2.319180 
   14500.00     1.17362     10.7604    2.320210 
   14550.00     1.17401     10.6508    2.322660 
   14600.00     1.17435     10.6952    2.323840 
   14650.00     1.17462     10.4574    2.325240 
   14700.00     1.17487     10.3982    2.326120 
   14750.00     1.17514     10.4682    2.327800 
   14800.00     1.17534     10.4554    2.328480 
   14850.00     1.17547     10.3261    2.329370 
   14900.00     1.17555     10.1356    2.330470 
   14950.00     1.17555     10.1830    2.331190 
   15000.00     1.17555      9.9214    2.331940 
   15050.00     1.17555      9.8553    2.332310 
   15100.00     1.17545      9.7299    2.332680 
   15150.00     1.17534      9.5217    2.331940 
   15200.00     1.17514      9.5997    2.332360 
   15250.00     1.17487      9.4664    2.331960 
   15300.00     1.17462      9.3351    2.331590 
   15350.00     1.17435      8.9295    2.331360 
   15400.00     1.17401      9.0598    2.330540 
   15450.00     1.17362      8.9542    2.330420 
   15500.00     1.17316      8.6314    2.329350 
   15550.00     1.17270      8.5643    2.328630 
   15600.00     1.17220      8.3916    2.327930 
   15650.00     1.17158      8.2840    2.327040 
   15700.00     1.17108      8.1873    2.326630 
   15750.00     1.17044      8.0629    2.326020 
   15800.00     1.16975      7.8833    2.325460 
   15850.00     1.16902      7.7016    2.324330 
   15900.00     1.16823      7.4973    2.323010 
   15950.00     1.16742      7.2881    2.321830 
   16000.00     1.16655      7.0798    2.319700 
   16050.00     1.16566      6.9880    2.319060 
   16100.00     1.16470      6.9012    2.317630 
   16150.00     1.16376      6.6939    2.315930 
   16200.00     1.16279      6.4550    2.314900 
   16250.00     1.16173      6.4254    2.313810 
   16300.00     1.16064      6.1580    2.312910 
   16350.00     1.15948      5.9961    2.311550 
   16400.00     1.15827      5.9724    2.310260 
   16450.00     1.15705      5.7898    2.309140 
   16500.00     1.15586      5.6289    2.307700 
   16550.00     1.15457      5.4068    2.306610 
   16600.00     1.15322      5.4335    2.305480 
   16650.00     1.15183      5.2302    2.304150 
   16700.00     1.15042      5.2262    2.303260 
   16750.00     1.14904      5.0061    2.302160 
   16800.00     1.14755      4.9607    2.300440 
   16850.00     1.14601      4.9489    2.298830 
   16900.00     1.14443      4.7031    2.297040 
   16950.00     1.14283      4.6577    2.295430 
   17000.00     1.14129      4.6311    2.293780 
   17050.00     1.13961      4.5225    2.291650 
   17100.00     1.13790      4.4702    2.288820 
   17150.00     1.13617      4.3241    2.285120 
   17200.00     1.13447      4.3725    2.280110 
   17250.00     1.13266      4.2244    2.275280 
   17300.00     1.13081      4.1859    2.269290 
   17350.00     1.12892      3.9944    2.264910 
   17400.00     1.12709      3.9579    2.260510 
   17450.00     1.12516      3.7783    2.257120 
   17500.00     1.12322      3.7112    2.254580 
   17550.00     1.12119      3.4624    2.251750 
   17600.00     1.11925      3.4526    2.248520 
   17650.00     1.11719      3.3736    2.245660 
   17700.00     1.11511      3.2255    2.243200 
   17750.00     1.11304      3.2295    2.239830 
   17800.00     1.11094      3.2423    2.235840 
   17850.00     1.10875      3.2305    2.230830 
   17900.00     1.10655      3.2206    2.223650 
   17950.00     1.10439      2.9689    2.216940 
   18000.00     1.10214      2.8840    2.212450 
   18050.00     1.09987      2.8910    2.209070 
   18100.00     1.09763      2.7024    2.206580 
   18150.00     1.09528      2.7350    2.204050 
   18200.00     1.09293      2.6353    2.201540 
   18250.00     1.09064      2.6945    2.199430 
   18300.00     1.08825      2.6264    2.197740 
   18350.00     1.08582      2.5258    2.194840 
   18400.00     1.08343      2.3935    2.190510 
   18450.00     1.08100      2.2928    2.185250 
   18500.00     1.07850      2.2533    2.178240 
   18550.00     1.07609      2.1102    2.168330 
   18600.00     1.07358      2.1418    2.163710 
   18650.00     1.07102      2.1764    2.162380 
   18700.00     1.06857      2.1852    2.161210 
   18750.00     1.06599      2.2593    2.160080 
   18800.00     1.06339      2.2889    2.161220 
   18850.00     1.06089      2.2089    2.165770 
   18900.00     1.05823      2.0441    2.172190 
   18950.00     1.05563      2.1162    2.180480 
   19000.00     1.05304      1.9987    2.181710 
   19050.00     1.05039      2.0431    2.180300 
   19100.00     1.04775      2.0244    2.177570 
   19150.00     1.04503      1.9414    2.163050 
   19200.00     1.04233      2.0352    2.151610 
   19250.00     1.03969      1.8645    2.147570 
   19300.00     1.03699      1.8951    2.145820 
   19350.00     1.03428      1.8052    2.145170 
   19400.00     1.03160      1.8171    2.145410 
   19450.00     1.02884      1.8141    2.146150 
   19500.00     1.02613      1.8092    2.145190 
   19550.00     1.02341      1.6523    2.144220 
   19600.00     1.02066      1.6118    2.141140 
   19650.00     1.01796      1.7273    2.136170 
   19700.00     1.01520      1.6197    2.131150 
   19750.00     1.01245      1.6592    2.123750 
   19800.00     1.00971      1.6819    2.117710 
   19850.00     1.00692      1.6611    2.113930 
   19900.00     1.00420      1.6296    2.111380 
   19950.00     1.00143      1.6365    2.108090 
   20000.00     0.99875      1.6305    2.104980 
   20050.00     0.99601      1.6118    2.101730 
   20100.00     0.99324      1.5328    2.098820 
   20150.00     0.99046      1.4312    2.096420 
   20200.00     0.98775      1.4144    2.093170 
   20250.00     0.98497      1.4400    2.089780 
   20300.00     0.98224      1.4706    2.082350 
   20350.00     0.97948      1.4400    2.067380 
   20400.00     0.97672      1.2693    2.050500 
   20450.00     0.97407      1.4746    2.031160 
   20500.00     0.97131      1.5022    2.023230 
   20550.00     0.96859      1.3848    2.014350 
   20600.00     0.96592      1.4312    2.009280 
   20650.00     0.96318      1.2811    2.021060 
   20700.00     0.96050      1.3354    2.046070 
   20750.00     0.95780      1.1637    2.047040 
   20800.00     0.95511      1.1884    2.042910 
   20850.00     0.95252      1.1538    2.030900 
   20900.00     0.94985      1.1775    2.018940 
   20950.00     0.94719      1.1469    2.006430 
   21000.00     0.94459      1.1686    1.991930 
   21050.00     0.94197      1.2071    1.992240 
   21100.00     0.93938      1.2535    2.000110 
   21150.00     0.93682      1.2555    1.969700 
   21200.00     0.93420      1.2239    1.960550 
   21250.00     0.93170      1.2762    1.961160 
   21300.00     0.92915      1.2565    1.967960 
   21350.00     0.92663      1.2683    1.962310 
   21400.00     0.92418      1.2663    1.937290 
   21450.00     0.92170      1.3009    1.943710 
   21500.00     0.91921      1.2426    1.960160 
   21550.00     0.91680      1.1893    1.952750 
   21600.00     0.91437      1.1854    1.936020 
   21650.00     0.91197      1.2979    1.937190 
   21700.00     0.90961      1.2772    1.943880 
   21750.00     0.90724      1.1903    1.933850 
   21800.00     0.90489      1.2170    1.942850 
   21850.00     0.90264      1.0541    1.958260 
   21900.00     0.90037      1.1143    1.935380 
   21950.00     0.89805      1.1607    1.944200 
   22000.00     0.89584      1.0443    2.052950 
   22050.00     0.89364      1.1864    1.928890 
   22100.00     0.89145      0.9801    1.938910 
   22150.00     0.88927      1.0314    2.142850 
   22200.00     0.88721      1.0324    2.247050 
   22250.00     0.88507      1.0275    1.957040 
   22300.00     0.88299      1.1074    2.322220 
   22350.00     0.88098      1.0492    2.500000 
   22400.00     0.87898      1.1055    2.260890 
   22450.00     0.87697      1.0354    2.175090 
   22500.00     0.87499      0.9840    2.131530 
   22550.00     0.87314      0.9623    2.438930 
   22600.00     0.87123      1.1341    2.500000 
   22650.00     0.86936      1.0502    2.495770 
   22700.00     0.86753      0.9702    2.500000 
   22750.00     0.86580      1.0719    2.500000 
   22800.00     0.86403      1.0600    2.499790 
   22850.00     0.86227      1.0413    2.476850 
   22900.00     0.86056      1.0334    2.454180 
   22950.00     0.85896      0.9209    2.414050 
   23000.00     0.85734      0.8775    2.500000 
   23050.00     0.85572      1.0265    2.500000 
   23100.00     0.85414      0.8419    2.388720 
   23150.00     0.85264      0.9357    2.461390 
   23200.00     0.85121      0.9179    2.496120 
   23250.00     0.84977      0.9989    2.352100 
   23300.00     0.84838      0.9554    2.427940 
   23350.00     0.84699      1.1203    2.467750 
   23400.00     0.84566      1.0146    2.499390 
   23450.00     0.84443      1.0946    2.421340 
   23500.00     0.84318      1.0068    2.402760 
   23550.00     0.84195      1.0600    2.500000 
   23600.00     0.84077      1.0393    2.426430 
   23650.00     0.83960      0.9979    2.256890 
   23700.00     0.83850      1.0393    2.384550 
   23750.00     0.83753      0.9900    2.351690 
   23800.00     0.83649      1.1291    2.460940 
   23850.00     0.83551      0.9998    2.381180 
   23900.00     0.83457      1.0650    2.342160 
   23950.00     0.83364      1.1193    2.402980 
   24000.00     0.83281      1.2140    2.362320 
   24050.00     0.83195      1.1726    2.382640 
   24100.00     0.83121      1.2318    2.335200 
   24150.00     0.83050      1.0857    2.417930 
   24200.00     0.82987      1.0531    2.259480 
   24250.00     0.82919      1.1666    2.285080 
   24300.00     0.82859      1.2397    2.225650 
   24350.00     0.82805      1.1262    2.358640 
   24400.00     0.82748      1.1341    2.253510 
   24450.00     0.82701      1.1903    2.176140 
   24500.00     0.82661      1.2199    2.322370 
   24550.00     0.82620      1.1341    2.186180 
   24600.00     0.82582      1.1430    2.330380 
   24650.00     0.82553      1.0995    2.416330 
   24700.00     0.82528      1.0926    2.397010 
   24750.00     0.82507      1.1222    2.466840 
   24800.00     0.82491      1.0334    2.399040 
   24850.00     0.82478      1.0413    2.355820 
   24900.00     0.82466      1.0699    2.429940 
   24950.00     0.82468      0.9860    2.360090 
   25000.00     0.82466      1.0166    2.374330 
   25050.00     0.82468      1.2249    2.410190 
   25100.00     0.82478      1.2831    2.484260 
   25150.00     0.82491      1.2723    2.381000 
   25200.00     0.82507      1.1439    2.370290 
   25250.00     0.82526      1.1617    2.433970 
   25300.00     0.82553      1.1607    2.469510 
   25350.00     0.82580      1.1538    2.406760 
   25400.00     0.82620      1.1716    2.450020 
   25450.00     0.82661      1.0650    2.362550 
   25500.00     0.82701      1.0689    2.379470 
   25550.00     0.82748      1.1272    2.313750 
   25600.00     0.82803      1.0038    2.403630 
   25650.00     0.82857      0.8765    2.442420 
   25700.00     0.82917      1.0314    2.381990 
   25750.00     0.82985      0.9613    2.363810 
   25800.00     0.83048      1.0788    2.362680 
   25850.00     0.83119      1.1153    2.380450 
   25900.00     0.83195      1.0985    2.393680 
   25950.00     0.83279      1.1331    2.424250 
   26000.00     0.83362      1.1657    2.389030 
   26050.00     0.83455      1.0600    2.357170 
   26100.00     0.83547      1.0719    2.423220 
   26150.00     0.83647      1.0699    2.491170 
   26200.00     0.83751      1.1390    2.470300 
   26250.00     0.83850      1.1558    2.499250 
   26300.00     0.83958      1.1469    2.482930 
   26350.00     0.84073      0.9959    2.443600 
   26400.00     0.84191      1.0354    2.423210 
   26450.00     0.84314      1.0413    2.423250 
   26500.00     0.84441      1.0887    2.436290 
   26550.00     0.84565      1.1903    2.468340 
   26600.00     0.84697      1.2713    2.427240 
   26650.00     0.84834      1.2239    2.393220 
   26700.00     0.84973      1.2051    2.157870 
   26750.00     0.85119      1.3246    2.435460 
   26800.00     0.85262      1.2219    2.377710 
   26850.00     0.85412      1.1884    2.500000 
   26900.00     0.85568      1.1943    2.500000 
   26950.00     0.85730      1.2772    2.500000 
   27000.00     0.85892      1.2259    2.500000 
   27050.00     0.86050      1.2219    2.497100 
   27100.00     0.86225      1.1775    2.453050 
   27150.00     0.86399      1.2663    2.497530 
   27200.00     0.86576      1.2604    2.500000 
   27250.00     0.86750      1.1963    2.500000 
   27300.00     0.86933      1.2199    2.500000 
   27350.00     0.87119      1.1617    2.465460 
   27400.00     0.87310      1.1923    2.467230 
   27450.00     0.87495      1.1469    2.500000 
   27500.00     0.87694      1.1489    2.498820 
   27550.00     0.87892      0.9465    2.470530 
   27600.00     0.88092      1.1726    2.396010 
   27650.00     0.88293      1.2328    2.122910 
   27700.00     0.88503      1.2239    2.244150 
   27750.00     0.88717      1.1321    2.114680 
   27800.00     0.88925      1.1775    1.933740 
   27850.00     0.89139      1.2436    1.941180 
   27900.00     0.89358      1.2653    1.946580 
   27950.00     0.89578      1.2239    1.940520 
   28000.00     0.89800      1.2575    1.940750 
   28050.00     0.90033      1.2910    1.948480 
   28100.00     0.90258      1.3029    1.945720 
   28150.00     0.90486      1.3986    1.988510 
   28200.00     0.90719      1.3591    1.912000 
   28250.00     0.90956      1.4193    1.952970 
   28300.00     0.91191      1.4756    1.982360 
   28350.00     0.91434      1.3828    1.984200 
   28400.00     0.91676      1.3571    1.939990 
   28450.00     0.91915      1.3907    1.952250 
   28500.00     0.92162      1.4134    1.971260 
   28550.00     0.92412      1.4450    1.969720 
   28600.00     0.92657      1.4509    1.953600 
   28650.00     0.92911      1.5753    1.949010 
   28700.00     0.93164      1.5328    1.952240 
   28750.00     0.93414      1.5516    1.956920 
   28800.00     0.93676      1.4953    1.955930 
   28850.00     0.93933      1.3946    1.984220 
   28900.00     0.94191      1.4746    1.998410 
   28950.00     0.94453      1.3976    1.985480 
   29000.00     0.94713      1.5289    1.982470 
   29050.00     0.94977      1.4894    1.983270 
   29100.00     0.95245      1.5180    1.989290 
   29150.00     0.95505      1.5506    1.998150 
   29200.00     0.95775      1.4677    2.008790 
   29250.00     0.96044      1.5615    2.018680 
   29300.00     0.96312      1.6493    2.031030 
   29350.00     0.96584      1.7204    2.044100 
   29400.00     0.96852      1.7973    2.049190 
   29450.00     0.97123      1.8931    2.056940 
   29500.00     0.97401      1.8398    2.058830 
   29550.00     0.97667      1.8447    2.046150 
   29600.00     0.97942      1.8615    2.037260 
   29650.00     0.98216      1.9187    2.036560 
   29700.00     0.98489      2.0105    2.041220 
   29750.00     0.98769      1.9592    2.051580 
   29800.00     0.99040      2.0352    2.059760 
   29850.00     0.99316      2.1310    2.069110 
   29900.00     0.99595      2.1211    2.079550 
   29950.00     0.99867      2.1122    2.089900 
   30000.00     1.00135      2.0629    2.096120 
   30050.00     1.00412      2.1645    2.102690 
   30100.00     1.00686      2.2247    2.110270 
   30150.00     1.00965      2.3363    2.111760 
   30200.00     1.01237      2.2859    2.119140 
   30250.00     1.01513      2.4478    2.126200 
   30300.00     1.01790      2.5159    2.128350 
   30350.00     1.02060      2.5297    2.135430 
   30400.00     1.02335      2.6432    2.138800 
   30450.00     1.02607      2.6501    2.141660 
   30500.00     1.02877      2.7528    2.145710 
   30550.00     1.03152      2.8268    2.146450 
   30600.00     1.03420      2.9314    2.146770 
   30650.00     1.03692      3.0953    2.142920 
   30700.00     1.03963      3.1377    2.139600 
   30750.00     1.04227      3.2680    2.141750 
   30800.00     1.04497      3.2384    2.141210 
   30850.00     1.04767      3.4200    2.147450 
   30900.00     1.05031      3.5483    2.152120 
   30950.00     1.05297      3.4851    2.158670 
   31000.00     1.05557      3.6648    2.170010 
   31050.00     1.05817      3.7842    2.177400 
   31100.00     1.06081      3.9056    2.183370 
   31150.00     1.06333      3.9352    2.187120 
   31200.00     1.06592      3.9125    2.188330 
   31250.00     1.06850      4.1079    2.188920 
   31300.00     1.07096      4.2027    2.188430 
   31350.00     1.07353      4.4159    2.185520 
   31400.00     1.07603      4.5175    2.179130 
   31450.00     1.07844      4.5393    2.171630 
   31500.00     1.08092      4.6794    2.171190 
   31550.00     1.08337      4.8531    2.174840 
   31600.00     1.08576      4.9114    2.181070 
   31650.00     1.08819      5.0693    2.187270 
   31700.00     1.09058      5.1956    2.192840 
   31750.00     1.09285      5.3881    2.195460 
   31800.00     1.09522      5.4434    2.197760 
   31850.00     1.09757      5.6181    2.200110 
   31900.00     1.09981      5.6921    2.201620 
   31950.00     1.10208      5.9013    2.203460 
   32000.00     1.10434      6.0593    2.205350 
   32050.00     1.10649      6.1826    2.207870 
   32100.00     1.10869      6.2981    2.210450 
   32150.00     1.11089      6.4511    2.214460 
   32200.00     1.11301      6.5409    2.219210 
   32250.00     1.11507      6.8893    2.226700 
   32300.00     1.11715      6.9328    2.232430 
   32350.00     1.11919      6.9673    2.236710 
   32400.00     1.12116      7.2180    2.239050 
   32450.00     1.12316      7.2762    2.241960 
   32500.00     1.12514      7.4430    2.244780 
   32550.00     1.12705      7.6404    2.247320 
   32600.00     1.12888      7.8053    2.248930 
   32650.00     1.13077      7.9099    2.251200 
   32700.00     1.13260      7.9454    2.254090 
   32750.00     1.13443      8.2800    2.256700 
   32800.00     1.13613      8.4458    2.259380 
   32850.00     1.13786      8.6166    2.262910 
   32900.00     1.13958      8.7962    2.267390 
   32950.00     1.14125      8.8930    2.273650 
   33000.00     1.14279      8.9097    2.280310 
   33050.00     1.14439      8.9778    2.284610 
   33100.00     1.14597      9.2197    2.287260 
   33150.00     1.14753      9.3509    2.289730 
   33200.00     1.14902      9.4664    2.291700 
   33250.00     1.15039      9.5868    2.292970 
   33300.00     1.15179      9.5819    2.294600 
   33350.00     1.15318     10.0606    2.295720 
   33400.00     1.15453      9.9935    2.296610 
   33450.00     1.15582     10.2185    2.297800 
   33500.00     1.15703     10.2995    2.298490 
   33550.00     1.15823     10.3439    2.299610 
   33600.00     1.15944     10.2541    2.300490 
   33650.00     1.16058     10.2758    2.301340 
   33700.00     1.16171     10.4485    2.302500 
   33750.00     1.16276     10.6429    2.303700 
   33800.00     1.16374     10.9400    2.304820 
   33850.00     1.16470     10.8630    2.305720 
   33900.00     1.16563     10.9598    2.306940 
   33950.00     1.16653     11.0190    2.307790 
   34000.00     1.16740     10.9736    2.308780 
   34050.00     1.16821     11.1927    2.309880 
   34100.00     1.16900     10.9509    2.310800 
   34150.00     1.16973     11.0210    2.311830 
   34200.00     1.17042     11.0950    2.312890 
   34250.00     1.17106     11.1463    2.313820 
   34300.00     1.17158     11.0812    2.315800 
   34350.00     1.17218     11.2144    2.316940 
   34400.00     1.17270     11.1414    2.318420 
   34450.00     1.17314     11.1088    2.319220 
   34500.00     1.17360     11.1216    2.321680 
   34550.00     1.17401     11.0733    2.323100 
   34600.00     1.17434     11.0624    2.324280 
   34650.00     1.17464     10.8818    2.325300 
   34700.00     1.17487     10.9124    2.327140 
   34750.00     1.17514     10.7308    2.328410 
   34800.00     1.17534     10.7110    2.329950 
   34850.00     1.17545     10.4988    2.330450 
   34900.00     1.17555     10.6558    2.331280 
   34950.00     1.17555     10.3518    2.332820 
   35000.00     1.17555     10.3143    2.332750 
   35050.00     1.17555     10.0665    2.333450 
   35100.00     1.17545     10.0645    2.333060 
   35150.00     1.17534      9.7428    2.334020 
   35200.00     1.17514      9.7813    2.333610 
   35250.00     1.17489      9.6974    2.333440 
   35300.00     1.17462      9.5789    2.333230 
   35350.00     1.17435      9.4753    2.332560 
   35400.00     1.17401      9.2878    2.332210 
   35450.00     1.17362      9.1239    2.331690 
   35500.00     1.17316      8.9088    2.330560 
   35550.00     1.17270      8.8199    2.329260 
   35600.00     1.17220      8.5949    2.328560 
   35650.00     1.17158      8.4310    2.327820 
   35700.00     1.17106      8.3462    2.326930 
   35750.00     1.17044      8.1142    2.326500 
   35800.00     1.16975      7.9454    2.326240 
   35850.00     1.16902      7.8606    2.324730 
   35900.00     1.16823      7.6286    2.324100 
   35950.00     1.16742      7.4855    2.322650 
   36000.00     1.16655      7.3355    2.320670 
   36050.00     1.16565      7.1864    2.319200 
   36100.00     1.16472      6.9821    2.317440 
   36150.00     1.16378      6.8262    2.316700 
   36200.00     1.16279      6.6386    2.314950 
   36250.00     1.16173      6.5824    2.314040 
   36300.00     1.16062      6.4531    2.313040 
   36350.00     1.15948      6.2201    2.311950 
   36400.00     1.15827      6.0681    2.310830 
   36450.00     1.15705      5.9507    2.309310 
   36500.00     1.15586      5.8727    2.307750 
   36550.00     1.15455      5.7207    2.306880 
   36600.00     1.15320      5.5796    2.305400 
   36650.00     1.15183      5.4138    2.304140 
   36700.00     1.15042      5.2548    2.302960 
   36750.00     1.14904      5.1700    2.301800 
   36800.00     1.14755      5.1650    2.300640 
   36850.00     1.14601      4.9291    2.298980 
   36900.00     1.14443      4.7959    2.297230 
   36950.00     1.14283      4.7041    2.295640 
   37000.00     1.14129      4.5965    2.293810 
   37050.00     1.13961      4.6261    2.291670 
   37100.00     1.13790      4.4179    2.289290 
   37150.00     1.13617      4.4415    2.285620 
   37200.00     1.13447      4.3162    2.280870 
   37250.00     1.13266      4.2402    2.273030 
   37300.00     1.13083      4.1020    2.269040 
   37350.00     1.12894      4.0112    2.264850 
   37400.00     1.12711      3.9569    2.260430 
   37450.00     1.12518      3.8987    2.256930 
   37500.00     1.12322      3.7763    2.254060 
   37550.00     1.12121      3.6085    2.251320 
   37600.00     1.11925      3.6401    2.248290 
   37650.00     1.11721      3.5207    2.245360 
   37700.00     1.11511      3.4674    2.242860 
   37750.00     1.11304      3.5355    2.240410 
   37800.00     1.11094      3.4861    2.235520 
   37850.00     1.10875      3.3963    2.230380 
   37900.00     1.10657      3.3598    2.223940 
   37950.00     1.10439      3.3075    2.217650 
   38000.00     1.10214      3.2828    2.211930 
   38050.00     1.09987      3.2502    2.208530 
   38100.00     1.09763      3.2690    2.206030 
   38150.00     1.09528      3.0972    2.204280 
   38200.00     1.09293      3.1782    2.201650 
   38250.00     1.09066      2.9867    2.199050 
   38300.00     1.08825      2.8988    2.197200 
   38350.00     1.08584      2.8495    2.194320 
   38400.00     1.08343      2.7696    2.190320 
   38450.00     1.08098      2.8801    2.185190 
   38500.00     1.07852      2.7449    2.179160 
   38550.00     1.07609      2.7281    2.168720 
   38600.00     1.07358      2.6679    2.164110 
   38650.00     1.07102      2.5573    2.162380 
   38700.00     1.06855      2.6541    2.161040 
   38750.00     1.06599      2.4774    2.160120 
   38800.00     1.06339      2.3639    2.161530 
   38850.00     1.06089      2.4034    2.162310 
   38900.00     1.05823      2.3323    2.167670 
   38950.00     1.05563      2.1764    2.177020 
   39000.00     1.05304      2.0273    2.178320 
   39050.00     1.05037      2.0885    2.177100 
   39100.00     1.04773      2.0480    2.173610 
   39150.00     1.04503      1.9730    2.155610 
   39200.00     1.04235      2.0411    2.145790 
   39250.00     1.03969      2.0293    2.145610 
   39300.00     1.03699      2.0105    2.145440 
   39350.00     1.03428      1.8516    2.144470 
   39400.00     1.03160      1.8319    2.145580 
   39450.00     1.02884      1.9118    2.145740 
   39500.00     1.02613      1.8072    2.144780 
   39550.00     1.02341      1.8378    2.142650 
   39600.00     1.02066      1.7006    2.139250 
   39650.00     1.01796      1.7549    2.133970 
   39700.00     1.01520      1.8092    2.128150 
   39750.00     1.01245      1.6434    2.122460 
   39800.00     1.00971      1.5881    2.115430 
   39850.00     1.00692      1.5842    2.113350 
   39900.00     1.00418      1.7164    2.110440 
   39950.00     1.00143      1.6207    2.107220 
   40000.00     0.99875      1.6355    2.104230 
   40050.00     0.99601      1.4904    2.099480 
   40100.00     0.99324      1.4687    2.097190 
   40150.00     0.99046      1.3275    2.094890 
   40200.00     0.98776      1.4627    2.090620 
   40250.00     0.98495      1.4815    2.085980 
   40300.00     0.98224      1.4055    2.068620 
   40350.00     0.97950      1.3650    2.049940 
   40400.00     0.97672      1.3275    2.038600 
   40450.00     0.97407      1.3848    2.023970 
   40500.00     0.97129      1.3838    2.017530 
   40550.00     0.96859      1.4785    2.015180 
   40600.00     0.96592      1.4539    2.028290 
   40650.00     0.96318      1.3611    2.045540 
   40700.00     0.96050      1.3562    2.047990 
   40750.00     0.95782      1.3088    2.043960 
   40800.00     0.95511      1.2071    2.032070 
   40850.00     0.95250      1.1351    2.020040 
   40900.00     0.94985      1.1459    2.008290 
   40950.00     0.94719      1.2061    1.990870 
   41000.00     0.94461      1.0916    1.987590 
   41050.00     0.94197      1.0176    2.000010 
   41100.00     0.93938      1.1282    1.982340 
   41150.00     0.93682      1.0906    1.963160 
   41200.00     0.93420      1.1469    1.964900 
   41250.00     0.93170      1.1607    1.963850 
   41300.00     0.92915      1.0887    1.957390 
   41350.00     0.92661      1.0117    1.939680 
   41400.00     0.92416      1.0541    1.941810 
   41450.00     0.92168      1.1479    1.955390 
   41500.00     0.91921      1.2111    1.962570 
   41550.00     0.91682      1.1923    1.941780 
   41600.00     0.91439      1.1420    1.934770 
   41650.00     0.91197      1.1360    1.943000 
   41700.00     0.90961      1.1765    1.937980 
   41750.00     0.90724      1.1222    1.941610 
   41800.00     0.90489      1.1390    1.956440 
   41850.00     0.90264      1.2604    1.954850 
   41900.00     0.90037      1.1212    1.927310 
   41950.00     0.89803      1.1370    1.955890 
   42000.00     0.89582      1.0551    1.926060 
   42050.00     0.89364      1.0502    1.936850 
   42100.00     0.89145      1.0887    1.952420 
   42150.00     0.88929      1.2091    2.067470 
   42200.00     0.88723      1.2249    2.161130 
   42250.00     0.88507      1.1864    2.107950 
   42300.00     0.88297      1.1173    2.408200 
   42350.00     0.88098      1.1104    2.462090 
   42400.00     0.87898      1.0462    2.419380 
   42450.00     0.87697      1.0985    2.274740 
   42500.00     0.87499      1.1815    2.314020 
   42550.00     0.87314      1.0324    2.485470 
   42600.00     0.87123      1.0985    2.470400 
   42650.00     0.86936      1.1805    2.493800 
   42700.00     0.86753      1.1301    2.500000 
   42750.00     0.86580      1.1311    2.499730 
   42800.00     0.86403      1.1252    2.369180 
   42850.00     0.86227      1.1005    2.451970 
   42900.00     0.86056      1.1607    2.405100 
   42950.00     0.85896      1.0640    2.438040 
   43000.00     0.85734      1.1982    2.500000 
   43050.00     0.85574      1.1795    2.500000 
   43100.00     0.85416      1.2022    2.355290 
   43150.00     0.85266      1.1203    2.439490 
   43200.00     0.85123      1.0295    2.435810 
   43250.00     0.84977      1.0689    2.376540 
   43300.00     0.84838      1.1439    2.441640 
   43350.00     0.84701      1.1854    2.498340 
   43400.00     0.84566      1.0946    2.500000 
   43450.00     0.84443      1.1933    2.425250 
   43500.00     0.84318      1.2417    2.395550 
   43550.00     0.84195      1.1607    2.404060 
   43600.00     0.84077      1.2782    2.323730 
   43650.00     0.83961      1.1736    2.330840 
   43700.00     0.83852      1.2831    2.360790 
   43750.00     0.83755      1.1972    2.452460 
   43800.00     0.83649      1.2180    2.459870 
   43850.00     0.83549      1.2417    2.332210 
   43900.00     0.83459      1.2624    2.407430 
   43950.00     0.83366      1.1449    2.379230 
   44000.00     0.83281      1.2347    2.398340 
   44050.00     0.83197      1.2160    2.209160 
   44100.00     0.83121      1.2821    2.447910 
   44150.00     0.83050      1.3068    2.405240 
   44200.00     0.82987      1.2792    2.265210 
   44250.00     0.82921      1.2644    2.343840 
   44300.00     0.82859      1.3946    2.343880 
   44350.00     0.82805      1.3611    2.382270 
   44400.00     0.82748      1.1854    2.324290 
   44450.00     0.82701      1.2328    2.313570 
   44500.00     0.82663      1.2259    2.287320 
   44550.00     0.82620      1.2160    2.419050 
   44600.00     0.82582      1.2032    2.367240 
   44650.00     0.82553      1.1775    2.439590 
   44700.00     0.82528      1.0857    2.469710 
   44750.00     0.82509      1.0887    2.434550 
   44800.00     0.82491      1.0995    2.469690 
   44850.00     0.82480      1.0077    2.420760 
   44900.00     0.82468      0.9120    2.424900 
   44950.00     0.82468      0.8567    2.500000 
   45000.00     0.82468      0.9377    2.373440 
   45050.00     0.82468      0.9110    2.480490 
   45100.00     0.82480      1.0206    2.330020 
   45150.00     0.82491      1.0383    2.470460 
   45200.00     0.82507      1.0186    2.469250 
   45250.00     0.82528      1.0058    2.420460 
   45300.00     0.82553      0.9337    2.454990 
   45350.00     0.82582      1.1064    2.317890 
   45400.00     0.82620      1.0551    2.433480 
   45450.00     0.82661      1.1548    2.259410 
   45500.00     0.82701      1.1351    2.245210 
   45550.00     0.82748      0.9643    2.355700 
   45600.00     0.82803      1.0048    2.342640 
   45650.00     0.82857      1.0551    2.364540 
   45700.00     0.82919      1.0058    2.269800 
   45750.00     0.82985      0.9910    2.394880 
   45800.00     0.83050      1.0778    2.425110 
   45850.00     0.83119      1.1262    2.424650 
   45900.00     0.83195      1.0156    2.325130 
   45950.00     0.83279      0.9732    2.393330 
   46000.00     0.83362      1.0768    2.414600 
   46050.00     0.83455      1.0531    2.436630 
   46100.00     0.83547      1.0304    2.458750 
   46150.00     0.83647      0.9840    2.410300 
   46200.00     0.83751      1.1657    2.394030 
   46250.00     0.83848      1.1311    2.445760 
   46300.00     0.83958      1.1272    2.427020 
   46350.00     0.84073      0.9771    2.413760 
   46400.00     0.84193      1.0679    2.402800 
   46450.00     0.84316      0.9850    2.263740 
   46500.00     0.84441      0.9386    2.495710 
   46550.00     0.84565      1.0245    2.466570 
   46600.00     0.84697      1.0285    2.478530 
   46650.00     0.84836      1.1055    2.400630 
   46700.00     0.84975      1.1124    2.409630 
   46750.00     0.85119      1.0393    2.199010 
   46800.00     0.85262      1.0235    2.290000 
   46850.00     0.85412      1.0443    2.482680 
   46900.00     0.85570      1.0620    2.500000 
   46950.00     0.85730      1.0857    2.500000 
   47000.00     0.85892      1.0709    2.500000 
   47050.00     0.86052      0.9771    2.500000 
   47100.00     0.86224      0.9436    2.481760 
   47150.00     0.86399      1.1815    2.500000 
   47200.00     0.86576      1.1647    2.499080 
   47250.00     0.86751      1.1489    2.500000 
   47300.00     0.86933      1.1124    2.500000 
   47350.00     0.87119      1.1627    2.439730 
   47400.00     0.87310      1.1193    2.333950 
   47450.00     0.87495      1.1706    2.500000 
   47500.00     0.87694      1.2397    2.500000 
   47550.00     0.87892      1.0719    2.500000 
   47600.00     0.88094      1.1588    2.500000 
   47650.00     0.88293      1.1212    2.250940 
   47700.00     0.88503      1.3443    2.334870 
   47750.00     0.88717      1.3660    2.280610 
   47800.00     0.88923      1.2930    1.952130 
   47850.00     0.89141      1.2288    1.935150 
   47900.00     0.89360      1.3088    1.941810 
   47950.00     0.89578      1.2259    1.942670 
   48000.00     0.89800      1.3621    1.939410 
   48050.00     0.90031      1.2525    1.949090 
   48100.00     0.90258      1.1815    1.947370 
   48150.00     0.90486      1.2190    1.966890 
   48200.00     0.90721      1.2713    1.909730 
   48250.00     0.90956      1.3157    1.933180 
   48300.00     0.91191      1.4430    1.963100 
   48350.00     0.91434      1.3216    1.998410 
   48400.00     0.91674      1.3808    1.956350 
   48450.00     0.91915      1.3571    1.941900 
   48500.00     0.92162      1.3364    1.958440 
   48550.00     0.92412      1.3492    1.970470 
   48600.00     0.92657      1.3029    1.968400 
   48650.00     0.92909      1.2782    1.950460 
   48700.00     0.93164      1.4233    1.951070 
   48750.00     0.93414      1.2653    1.955670 
   48800.00     0.93676      1.3867    1.957360 
   48850.00     0.93933      1.4203    1.964260 
   48900.00     0.94191      1.5328    1.996910 
   48950.00     0.94453      1.5378    1.988760 
   49000.00     0.94713      1.5822    1.982880 
   49050.00     0.94979      1.6434    1.983030 
   49100.00     0.95245      1.6157    1.987730 
   49150.00     0.95505      1.6582    1.997240 
   49200.00     0.95775      1.6236    2.007300 
   49250.00     0.96044      1.6858    2.016410 
   49300.00     0.96312      1.6750    2.028970 
   49350.00     0.96584      1.6493    2.041540 
   49400.00     0.96854      1.7638    2.045980 
   49450.00     0.97123      1.8694    2.053540 
   49500.00     0.97399      1.9296    2.053850 
   49550.00     0.97667      1.8674    2.045850 
   49600.00     0.97942      1.8240    2.036750 
   49650.00     0.98218      1.8457    2.035150 
   49700.00     0.98489      1.8339    2.040170 
   49750.00     0.98769      1.7776    2.050620 
   49800.00     0.99040      1.9582    2.058350 
   49850.00     0.99316      2.0520    2.067230 
   49900.00     0.99595      2.1616    2.079050 
   49950.00     0.99869      2.1132    2.087200 
   50000.00     1.00137      2.2751    2.094310 
   50050.00     1.00412      2.3807    2.101020 
   50100.00     1.00684      2.3511    2.108790 
   50150.00     1.00965      2.4330    2.110010 
   50200.00     1.01237      2.4389    2.117360 
   50250.00     1.01514      2.5721    2.123670 
   50300.00     1.01790      2.5998    2.128560 
   50350.00     1.02060      2.6235    2.135050 
   50400.00     1.02335      2.5949    2.138130 
   50450.00     1.02607      2.6639    2.141270 
   50500.00     1.02879      2.7093    2.144210 
   50550.00     1.03152      2.8791    2.145610 
   50600.00     1.03420      2.8337    2.146130 
   50650.00     1.03692      2.8860    2.142160 
   50700.00     1.03963      3.0064    2.139320 
   50750.00     1.04227      2.9373    2.139100 
   50800.00     1.04497      3.1071    2.141720 
   50850.00     1.04769      3.2838    2.148620 
   50900.00     1.05031      3.3173    2.152140 
   50950.00     1.05299      3.5730    2.158600 
   51000.00     1.05557      3.5750    2.169990 
   51050.00     1.05817      3.6381    2.177100 
   51100.00     1.06083      3.6342    2.181820 
   51150.00     1.06333      3.8868    2.185780 
   51200.00     1.06593      4.0082    2.187810 
   51250.00     1.06850      4.1326    2.188280 
   51300.00     1.07096      4.1267    2.187470 
   51350.00     1.07353      4.3310    2.185060 
   51400.00     1.07603      4.4139    2.176000 
   51450.00     1.07846      4.5639    2.171240 
   51500.00     1.08094      4.7801    2.171410 
   51550.00     1.08337      4.7890    2.171980 
   51600.00     1.08576      4.8630    2.179740 
   51650.00     1.08817      5.1137    2.186640 
   51700.00     1.09060      5.2716    2.192140 
   51750.00     1.09287      5.2667    2.195090 
   51800.00     1.09522      5.4947    2.197590 
   51850.00     1.09757      5.7651    2.199800 
   51900.00     1.09981      5.7375    2.201430 
   51950.00     1.10208      5.7928    2.203080 
   52000.00     1.10434      6.0760    2.205220 
   52050.00     1.10651      6.2616    2.207500 
   52100.00     1.10869      6.2803    2.210440 
   52150.00     1.11089      6.4985    2.214190 
   52200.00     1.11299      6.6564    2.219330 
   52250.00     1.11507      6.9495    2.226260 
   52300.00     1.11715      7.0591    2.232850 
   52350.00     1.11921      7.2496    2.236610 
   52400.00     1.12116      7.3325    2.239770 
   52450.00     1.12316      7.5348    2.242550 
   52500.00     1.12513      7.7145    2.244930 
   52550.00     1.12705      7.8043    2.247130 
   52600.00     1.12888      7.9662    2.249030 
   52650.00     1.13079      7.9750    2.251450 
   52700.00     1.13262      8.3205    2.254040 
   52750.00     1.13443      8.3422    2.256440 
   52800.00     1.13613      8.5613    2.259160 
   52850.00     1.13786      8.7637    2.262760 
   52900.00     1.13958      8.7439    2.267770 
   52950.00     1.14125      8.8831    2.274470 
   53000.00     1.14281      9.1002    2.279820 
   53050.00     1.14439      9.3608    2.283600 
   53100.00     1.14597      9.4792    2.287330 
   53150.00     1.14753      9.6589    2.289590 
   53200.00     1.14900      9.6786    2.291750 
   53250.00     1.15039      9.6924    2.293060 
   53300.00     1.15179      9.7448    2.294350 
   53350.00     1.15318      9.8780    2.295640 
   53400.00     1.15453     10.0576    2.296660 
   53450.00     1.15582     10.3152    2.297570 
   53500.00     1.15703     10.3399    2.298500 
   53550.00     1.15823     10.5255    2.299520 
   53600.00     1.15944     10.6015    2.300380 
   53650.00     1.16058     10.5265    2.301480 
   53700.00     1.16170     10.6587    2.302400 
   53750.00     1.16277     10.7752    2.303660 
   53800.00     1.16374     10.8018    2.304740 
   53850.00     1.16470     10.7949    2.305460 
   53900.00     1.16563     10.8561    2.306710 
   53950.00     1.16653     10.8946    2.308000 
   54000.00     1.16740     10.9371    2.308850 
   54050.00     1.16821     11.0091    2.309810 
   54100.00     1.16900     10.9726    2.310340 
   54150.00     1.16973     11.0565    2.312080 
   54200.00     1.17042     11.1730    2.313130 
   54250.00     1.17106     11.0673    2.314290 
   54300.00     1.17156     11.0131    2.316070 
   54350.00     1.17218     10.9913    2.317030 
   54400.00     1.17270     11.1049    2.318180 
   54450.00     1.17314     11.0693    2.320060 
   54500.00     1.17360     10.8749    2.321560 
   54550.00     1.17401     10.6084    2.322770 
   54600.00     1.17434     10.7900    2.324200 
   54650.00     1.17462     10.7100    2.325550 
   54700.00     1.17487     10.8571    2.327310 
   54750.00     1.17514     10.5166    2.328340 
   54800.00     1.17534     10.7574    2.329130 
   54850.00     1.17545     10.5580    2.330330 
   54900.00     1.17555     10.6242    2.331370 
   54950.00     1.17555     10.4880    2.332310 
   55000.00     1.17555     10.3547    2.333070 
   55050.00     1.17555     10.3646    2.333530 
   55100.00     1.17545     10.1149    2.333750 
   55150.00     1.17534      9.8622    2.333560 
   55200.00     1.17514      9.8741    2.333490 
   55250.00     1.17487      9.6618    2.333510 
   55300.00     1.17464      9.5089    2.333520 
   55350.00     1.17435      9.5079    2.333100 
   55400.00     1.17403      9.2374    2.332470 
   55450.00     1.17362      9.0775    2.331730 
   55500.00     1.17316      8.9749    2.330750 
   55550.00     1.17272      8.7262    2.329750 
   55600.00     1.17220      8.5209    2.328530 
   55650.00     1.17160      8.3876    2.328030 
   55700.00     1.17108      8.2751    2.326950 
   55750.00     1.17044      8.2169    2.326420 
   55800.00     1.16975      7.9760    2.325950 
   55850.00     1.16902      7.9968    2.324690 
   55900.00     1.16823      7.5437    2.323800 
   55950.00     1.16744      7.4302    2.322170 
   56000.00     1.16657      7.4223    2.320480 
   56050.00     1.16566      7.1460    2.318810 
   56100.00     1.16472      6.9160    2.317770 
   56150.00     1.16376      6.7344    2.316220 
   56200.00     1.16279      6.6386    2.315000 
   56250.00     1.16173      6.5261    2.313840 
   56300.00     1.16062      6.4748    2.313110 
   56350.00     1.15948      6.4017    2.311830 
   56400.00     1.15827      6.2497    2.310870 
   56450.00     1.15705      5.9813    2.309320 
   56500.00     1.15586      6.0326    2.307960 
   56550.00     1.15457      5.7533    2.306690 
   56600.00     1.15322      5.6723    2.305390 
   56650.00     1.15183      5.5934    2.304280 
   56700.00     1.15040      5.3585    2.303040 
   56750.00     1.14904      5.3792    2.302130 
   56800.00     1.14755      5.1927    2.300710 
   56850.00     1.14601      5.0081    2.299310 
   56900.00     1.14443      4.8492    2.297740 
   56950.00     1.14285      4.7327    2.296020 
   57000.00     1.14129      4.5442    2.294110 
   57050.00     1.13961      4.4642    2.292020 
   57100.00     1.13792      4.4376    2.289280 
   57150.00     1.13617      4.3794    2.285420 
   57200.00     1.13447      4.3280    2.280490 
   57250.00     1.13266      4.2787    2.274070 
   57300.00     1.13083      4.0507    2.269510 
   57350.00     1.12894      3.9737    2.265150 
   57400.00     1.12709      4.0359    2.260390 
   57450.00     1.12518      3.7783    2.256910 
   57500.00     1.12322      3.6885    2.254020 
   57550.00     1.12121      3.6697    2.251410 
   57600.00     1.11925      3.5374    2.248500 
   57650.00     1.11721      3.4555    2.245500 
   57700.00     1.11511      3.3233    2.242840 
   57750.00     1.11304      3.3785    2.239940 
   57800.00     1.11094      3.3420    2.235940 
   57850.00     1.10875      3.2739    2.230280 
   57900.00     1.10655      3.3114    2.223720 
   57950.00     1.10441      3.2334    2.216800 
   58000.00     1.10214      3.1012    2.211770 
   58050.00     1.09987      2.9699    2.208400 
   58100.00     1.09763      2.8811    2.206020 
   58150.00     1.09528      2.8604    2.203760 
   58200.00     1.09291      2.7676    2.201280 
   58250.00     1.09064      2.9433    2.198810 
   58300.00     1.08825      2.8337    2.197020 
   58350.00     1.08584      2.6817    2.194090 
   58400.00     1.08343      2.5287    2.189340 
   58450.00     1.08098      2.4063    2.184360 
   58500.00     1.07850      2.4626    2.177930 
   58550.00     1.07609      2.2987    2.167690 
   58600.00     1.07358      2.3234    2.164160 
   58650.00     1.07102      2.2119    2.162810 
   58700.00     1.06857      2.2504    2.160810 
   58750.00     1.06599      2.2168    2.159410 
   58800.00     1.06341      2.1438    2.160450 
   58850.00     1.06089      2.0096    2.164150 
   58900.00     1.05823      2.0638    2.167790 
   58950.00     1.05563      2.0559    2.176090 
   59000.00     1.05304      2.1250    2.177200 
   59050.00     1.05037      2.0934    2.175580 
   59100.00     1.04773      1.9780    2.172040 
   59150.00     1.04503      1.7885    2.151950 
   59200.00     1.04235      1.8960    2.146040 
   59250.00     1.03971      2.0115    2.144670 
   59300.00     1.03699      1.9365    2.144580 
   59350.00     1.03428      1.7381    2.144300 
   59400.00     1.03160      1.8970    2.145160 
   59450.00     1.02884      1.8250    2.145500 
   59500.00     1.02613      1.7934    2.144100 
   59550.00     1.02343      1.7460    2.142050 
   59600.00     1.02066      1.9099    2.138970 
   59650.00     1.01796      1.8980    2.132150 
   59700.00     1.01520      1.8803    2.127430 
   59750.00     1.01245      1.8309    2.120140 
   59800.00     1.00971      1.5230    2.114960 
   59850.00     1.00692      1.5111    2.112400 
   59900.00     1.00418      1.5545    2.110630 
   59950.00     1.00143      1.6700    2.106800 
   60000.00     0.99875      1.6750    2.103450 
   60050.00     0.99601      1.5111    2.099700 
   60100.00     0.99324      1.4400    2.096080 
   60150.00     0.99046      1.4164    2.093630 
   60200.00     0.98776      1.4400    2.089770 
   60250.00     0.98495      1.3384    2.084340 
   60300.00     0.98224      1.3710    2.059330 
   60350.00     0.97950      1.3808    2.047840 
   60400.00     0.97672      1.3591    2.036090 
   60450.00     0.97407      1.2683    2.021860 
   60500.00     0.97131      1.2091    2.016600 
   60550.00     0.96859      1.2397    2.017250 
   60600.00     0.96592      1.2831    2.033310 
   60650.00     0.96318      1.2338    2.047210 
   60700.00     0.96052      1.1893    2.047580 
   60750.00     0.95780      1.2446    2.041370 
   60800.00     0.95513      1.2051    2.027180 
   60850.00     0.95250      1.1627    2.015740 
   60900.00     0.94985      1.1459    2.000590 
   60950.00     0.94719      1.2190    1.986610 
   61000.00     0.94459      1.2288    1.990150 
   61050.00     0.94197      1.1657    2.001930 
   61100.00     0.93938      1.2851    1.973020 
   61150.00     0.93682      1.2940    1.965610 
   61200.00     0.93420      1.2002    1.965660 
   61250.00     0.93170      1.2209    1.964370 
   61300.00     0.92915      1.1874    1.960630 
   61350.00     0.92663      1.1854    1.939700 
   61400.00     0.92418      1.2199    1.945240 
   61450.00     0.92168      1.1351    1.960240 
   61500.00     0.91921      1.0966    1.957300 
   61550.00     0.91680      1.0670    1.936340 
   61600.00     0.91437      1.2091    1.934450 
   61650.00     0.91197      1.2496    1.943980 
   61700.00     0.90961      1.2150    1.937030 
   61750.00     0.90724      1.2930    1.946530 
   61800.00     0.90491      1.2624    1.958790 
   61850.00     0.90264      1.1459    1.948210 
   61900.00     0.90037      1.1884    1.924260 
   61950.00     0.89805      1.1775    1.949240 
   62000.00     0.89584      1.1745    1.924540 
   62050.00     0.89364      1.1035    1.933140 
   62100.00     0.89145      0.9692    1.932140 
   62150.00     0.88929      1.0334    2.055990 
   62200.00     0.88721      1.0778    2.384830 
   62250.00     0.88509      0.9406    2.135600 
   62300.00     0.88299      1.0749    2.500000 
   62350.00     0.88098      1.2219    2.488210 
   62400.00     0.87898      1.2792    2.074210 
   62450.00     0.87697      1.0897    2.221910 
   62500.00     0.87501      1.0719    2.259440 
   62550.00     0.87314      1.1459    2.500000 
   62600.00     0.87123      1.0531    2.500000 
   62650.00     0.86936      1.1726    2.372770 
   62700.00     0.86753      1.1657    2.374280 
   62750.00     0.86580      1.2111    2.499730 
   62800.00     0.86403      1.2644    2.465820 
   62850.00     0.86229      1.2387    2.456670 
   62900.00     0.86056      1.1291    2.437130 
   62950.00     0.85896      1.2091    2.500000 
   63000.00     0.85732      1.2091    2.500000 
   63050.00     0.85572      1.1657    2.494930 
   63100.00     0.85416      1.2071    2.337450 
   63150.00     0.85266      1.2496    2.420810 
   63200.00     0.85123      1.2476    2.420140 
   63250.00     0.84977      1.1982    2.440270 
   63300.00     0.84838      1.1755    2.464230 
   63350.00     0.84701      1.1193    2.500000 
   63400.00     0.84566      1.1400    2.500000 
   63450.00     0.84445      1.1025    2.435560 
   63500.00     0.84318      1.1578    2.397770 
   63550.00     0.84195      1.1114    2.429580 
   63600.00     0.84077      1.0729    2.407230 
   63650.00     0.83961      1.1607    2.400210 
   63700.00     0.83852      1.1331    2.304050 
   63750.00     0.83755      1.1627    2.496410 
   63800.00     0.83651      1.0976    2.413920 
   63850.00     0.83551      1.0887    2.377050 
   63900.00     0.83457      1.1528    2.318980 
   63950.00     0.83364      1.1716    2.407880 
   64000.00     0.83281      1.2703    2.362140 
   64050.00     0.83197      1.2071    2.397030 
   64100.00     0.83121      1.2288    2.347280 
   64150.00     0.83050      1.2545    2.108410 
   64200.00     0.82987      1.1854    2.277040 
   64250.00     0.82919      1.1903    2.097740 
   64300.00     0.82861      1.1963    2.244030 
   64350.00     0.82805      1.1893    1.770940 
   64400.00     0.82750      1.1884    2.110470 
   64450.00     0.82703      1.0472    2.393240 
   64500.00     0.82661      1.1499    2.316000 
   64550.00     0.82620      1.0828    2.232960 
   64600.00     0.82582      1.1390    2.472440 
   64650.00     0.82555      1.1380    2.323290 
   64700.00     0.82530      1.0522    2.241310 
   64750.00     0.82509      1.0344    2.413590 
   64800.00     0.82491      1.0670    2.420490 
   64850.00     0.82480      1.1449    2.456670 
   64900.00     0.82468      1.1193    2.368700 
   64950.00     0.82468      1.1370    2.319690 
   65000.00     0.82468      1.2476    2.364650 
   65050.00     0.82468      1.1972    2.430830 
   65100.00     0.82478      1.1617    2.372970 
   65150.00     0.82491      1.1183    2.212050 
   65200.00     0.82507      1.1203    2.324060 
   65250.00     0.82528      1.0146    2.421260 
   65300.00     0.82553      1.1301    2.352130 
   65350.00     0.82582      1.1469    2.377410 
   65400.00     0.82620      1.1657    2.309490 
   65450.00     0.82661      1.0225    2.397270 
   65500.00     0.82701      0.9199    2.118670 
   65550.00     0.82748      0.9870    2.335620 
   65600.00     0.82805      0.9702    2.356660 
   65650.00     0.82857      1.1025    2.334380 
   65700.00     0.82919      1.0877    2.377050 
   65750.00     0.82985      0.9456    2.363500 
   65800.00     0.83048      1.0403    2.471970 
   65850.00     0.83121      1.0344    2.430780 
   65900.00     0.83195      0.9998    2.427090 
   65950.00     0.83279      1.0995    2.382420 
   66000.00     0.83362      1.1420    2.333560 
   66050.00     0.83455      0.9673    2.347830 
   66100.00     0.83547      1.1351    2.408240 
   66150.00     0.83647      0.8863    2.497280 
   66200.00     0.83753      1.1430    2.252540 
   66250.00     0.83848      1.0373    2.413010 
   66300.00     0.83958      1.1222    2.394150 
   66350.00     0.84075      1.1430    2.485920 
   66400.00     0.84191      1.1351    2.419040 
   66450.00     0.84316      1.1617    2.407030 
   66500.00     0.84441      1.1982    2.304720 
   66550.00     0.84563      1.2120    2.402000 
   66600.00     0.84697      1.2081    2.471690 
   66650.00     0.84834      1.0462    2.402190 
   66700.00     0.84975      1.0482    2.325190 
   66750.00     0.85119      1.0403    2.422930 
   66800.00     0.85264      1.0502    2.420690 
   66850.00     0.85412      1.0462    2.443860 
   66900.00     0.85568      1.0906    2.500000 
   66950.00     0.85730      1.1459    2.500000 
   67000.00     0.85892      1.2397    2.500000 
   67050.00     0.86052      1.1815    2.500000 
   67100.00     0.86225      1.2436    2.485810 
   67150.00     0.86399      1.2723    2.477470 
   67200.00     0.86576      1.3048    2.500000 
   67250.00     0.86750      1.2880    2.500000 
   67300.00     0.86933      1.2328    2.500000 
   67350.00     0.87119      1.1430    2.500000 
   67400.00     0.87312      1.1479    2.309150 
   67450.00     0.87497      1.1420    2.437080 
   67500.00     0.87694      1.1005    2.499860 
   67550.00     0.87894      1.1597    2.497740 
   67600.00     0.88094      1.2535    2.500000 
   67650.00     0.88295      1.3473    2.375240 
   67700.00     0.88503      1.3512    2.240600 
   67750.00     0.88717      1.2190    2.309490 
   67800.00     0.88925      1.2298    1.929570 
   67850.00     0.89141      1.3335    1.935070 
   67900.00     0.89360      1.2634    1.939780 
   67950.00     0.89578      1.3019    1.942310 
   68000.00     0.89800      1.1745    1.938590 
   68050.00     0.90033      1.2604    1.948880 
   68100.00     0.90258      1.2476    1.945930 
   68150.00     0.90486      1.2219    1.942530 
   68200.00     0.90721      1.1607    1.948660 
   68250.00     0.90958      1.2249    1.919440 
   68300.00     0.91193      1.2160    1.957480 
   68350.00     0.91434      1.2979    1.983970 
   68400.00     0.91676      1.3621    1.948370 
   68450.00     0.91915      1.3729    1.939730 
   68500.00     0.92164      1.4134    1.953720 
   68550.00     0.92412      1.3828    1.968070 
   68600.00     0.92657      1.4598    1.971670 
   68650.00     0.92909      1.4983    1.958350 
   68700.00     0.93164      1.4233    1.950190 
   68750.00     0.93414      1.4262    1.955560 
   68800.00     0.93676      1.4795    1.957650 
   68850.00     0.93934      1.5397    1.963350 
   68900.00     0.94191      1.7194    1.995190 
   68950.00     0.94455      1.5555    1.993890 
   69000.00     0.94713      1.6207    1.983620 
   69050.00     0.94977      1.4766    1.983000 
   69100.00     0.95245      1.5802    1.987600 
   69150.00     0.95505      1.5851    1.996610 
   69200.00     0.95776      1.6226    2.006620 
   69250.00     0.96044      1.8329    2.015600 
   69300.00     0.96312      1.7707    2.027420 
   69350.00     0.96586      1.6868    2.040300 
   69400.00     0.96852      1.7944    2.044100 
   69450.00     0.97123      1.8704    2.052860 
   69500.00     0.97401      1.8398    2.052380 
   69550.00     0.97667      1.9869    2.044110 
   69600.00     0.97942      1.9197    2.036210 
   69650.00     0.98218      1.9345    2.035120 
   69700.00     0.98489      1.9010    2.039890 
   69750.00     0.98769      2.0540    2.050690 
   69800.00     0.99042      1.8714    2.059030 
   69850.00     0.99316      1.8250    2.066460 
   69900.00     0.99595      1.9651    2.077580 
   69950.00     0.99869      2.0974    2.086870 
   70000.00     1.00004      2.0086    2.092750 
   70050.00     1.00004      2.0895    2.094410 
   70100.00     1.00004      2.0550    2.096420 
   70150.00     1.00004      1.9355    2.096740 
   70200.00     1.00004      1.9089    2.097690 
   70250.00     1.00004      2.0411    2.099000 
   70300.00     1.00004      1.8901    2.099340 
   70350.00     1.00004      1.7440    2.100200 
   70400.00     1.00004      1.7549    2.099850 
   70450.00     1.00004      1.8171    2.100200 
   70500.00     1.00004      1.9109    2.100890 
   70550.00     1.00004      1.8191    2.101280 
   70600.00     1.00004      1.8852    2.101490 
   70650.00     1.00004      1.7134    2.102040 
   70700.00     1.00004      1.8803    2.103260 
   70750.00     1.00004      1.8714    2.102790 
   70800.00     1.00004      1.9306    2.103390 
   70850.00     1.00004      1.9089    2.103320 
   70900.00     1.00004      1.7934    2.103800 
   70950.00     1.00004      1.8319    2.104140 
   71000.00     1.00004      1.8427    2.104520 
   71050.00     1.00004      1.8289    2.104350 
   71100.00     1.00004      1.6602    2.104900 
   71150.00     1.00004      1.7431    2.105090 
   71200.00     1.00004      1.8023    2.105570 
   71250.00     1.00004      1.7717    2.105740 
   71300.00     1.00004      1.8003    2.105620 
   71350.00     1.00004      1.7154    2.105790 
   71400.00     1.00004      1.7204    2.105710 
   71450.00     1.00004      1.8200    2.106080 
   71500.00     1.00004      1.7618    2.106970 
   71550.00     1.00004      1.8033    2.106280 
   71600.00     1.00004      1.8200    2.106990 
   71650.00     1.00004      1.7737    2.107470 
   71700.00     1.00004      1.8467    2.107150 
   71750.00     1.00004      1.6592    2.107660 
   71800.00     1.00004      1.8250    2.107430 
   71850.00     1.00004      1.7401    2.107280 
   71900.00     1.00004      1.7352    2.108060 
   71950.00     1.00004      1.7421    2.108080 
   72000.00     1.00004      1.7885    2.108720 
   72050.00     1.00004      1.7727    2.108380 
   72100.00     1.00004      1.7667    2.108320 
   72150.00     1.00004      1.8635    2.108570 
   72200.00     1.00004      1.8131    2.109130 
   72250.00     1.00004      1.8092    2.109570 
   72300.00     1.00004      1.8743    2.108990 
   72350.00     1.00004      1.9839    2.109330 
   72400.00     1.00004      1.8487    2.109650 
   72450.00     1.00004      1.9187    2.109780 
   72500.00     1.00004      1.9128    2.108900 
   72550.00     1.00004      1.9030    2.109310 
   72600.00     1.00004      1.9069    2.110380 
   72650.00     1.00004      1.8497    2.110080 
   72700.00     1.00004      1.7352    2.109860 
   72750.00     1.00004      1.8398    2.110850 
   72800.00     1.00004      1.8487    2.109700 
   72850.00     1.00004      1.9582    2.110740 
   72900.00     1.00004      2.0253    2.110330 
   72950.00     1.00004      1.9720    2.110030 
   73000.00     1.00004      1.8970    2.111020 
   73050.00     1.00004      1.8250    2.110490 
   73100.00     1.00004      1.8783    2.111590 
   73150.00     1.00004      1.8664    2.110550 
   73200.00     1.00004      1.9276    2.110280 
   73250.00     1.00004      2.0273    2.111460 
   73300.00     1.00004      1.9671    2.110950 
   73350.00     1.00004      1.9928    2.110870 
   73400.00     1.00004      1.8832    2.111200 
   73450.00     1.00004      1.8832    2.111470 
   73500.00     1.00004      1.9257    2.111210 
   73550.00     1.00004      1.8941    2.111150 
   73600.00     1.00004      1.7539    2.111450 
   73650.00     1.00006      1.9049    2.111710 
   73700.00     1.00004      1.8487    2.111230 
   73750.00     1.00004      1.8299    2.111790 
   73800.00     1.00004      1.8506    2.111960 
   73850.00     1.00004      1.9138    2.112350 
   73900.00     1.00004      1.8773    2.112180 
   73950.00     1.00004      2.0125    2.111060 
   74000.00     1.00004      2.0559    2.112250 
   74050.00     1.00004      1.9355    2.112210 
   74100.00     1.00004      1.9780    2.111570 
   74150.00     1.00004      1.9642    2.111900 
   74200.00     1.00004      1.9869    2.112530 
   74250.00     1.00004      1.9977    2.112730 
   74300.00     1.00004      1.9612    2.112930 
   74350.00     1.00004      1.9493    2.112650 
   74400.00     1.00004      1.9622    2.112010 
   74450.00     1.00004      2.0638    2.112290 
   74500.00     1.00004      2.0145    2.112730 
   74550.00     1.00004      1.9454    2.112290 
   74600.00     1.00004      1.9207    2.112750 
   74650.00     1.00004      1.7904    2.112690 
   74700.00     1.00004      1.8960    2.112770 
   74750.00     1.00004      2.0007    2.113140 
   74800.00     1.00004      1.9424    2.112530 
   74850.00     1.00004      1.9908    2.113400 
   74900.00     1.00004      1.9178    2.113490 
   74950.00     1.00004      1.9355    2.112920 
   75000.00     1.00004      1.7924    2.112490 
   75050.00     1.00004      1.8714    2.113000 
   75100.00     1.00004      1.8131    2.112940 
   75150.00     1.00004      1.7332    2.112880 
   75200.00     1.00004      1.7677    2.113950 
   75250.00     1.00004      1.7835    2.113410 
   75300.00     1.00004      1.8013    2.113400 
   75350.00     1.00004      1.7292    2.113200 
   75400.00     1.00004      1.8467    2.113600 
   75450.00     1.00004      1.7727    2.113760 
   75500.00     1.00004      1.8595    2.114880 
   75550.00     1.00004      1.9118    2.113330 
   75600.00     1.00004      1.8891    2.113830 
   75650.00     1.00004      1.8457    2.113730 
   75700.00     1.00004      1.8487    2.113790 
   75750.00     1.00004      1.7825    2.113480 
   75800.00     1.00004      1.9622    2.113620 
   75850.00     1.00004      1.9799    2.113010 
   75900.00     1.00004      2.0076    2.114730 
   75950.00     1.00004      1.9089    2.113640 
   76000.00     1.00004      1.9326    2.113450 
   76050.00     1.00006      1.8921    2.113450 
   76100.00     1.00004      1.9484    2.114230 
   76150.00     1.00004      1.8842    2.113710 
   76200.00     1.00004      1.9434    2.114380 
   76250.00     1.00004      1.8891    2.113830 
   76300.00     1.00004      1.8733    2.113010 
   76350.00     1.00004      1.8506    2.114410 
   76400.00     1.00004      1.8684    2.114910 
   76450.00     1.00004      1.9355    2.114530 
   76500.00     1.00004      1.8911    2.114320 
   76550.00     1.00004      1.9020    2.113810 
   76600.00     1.00004      1.8279    2.113840 
   76650.00     1.00004      1.8477    2.114780 
   76700.00     1.00004      1.8783    2.114830 
   76750.00     1.00004      1.7233    2.114470 
   76800.00     1.00004      1.8793    2.114170 
   76850.00     1.00004      1.9079    2.115080 
   76900.00     1.00004      1.9454    2.114480 
   76950.00     1.00004      1.9247    2.114350 
   77000.00     1.00004      1.8141    2.114640 
   77050.00     1.00004      1.8595    2.114840 
   77100.00     1.00004      1.9030    2.114600 
   77150.00     1.00004      1.8546    2.115190 
   77200.00     1.00004      1.8151    2.114230 
   77250.00     1.00004      1.7095    2.115370 
   77300.00     1.00004      1.8842    2.114200 
   77350.00     1.00004      1.8161    2.114660 
   77400.00     1.00004      1.7243    2.115680 
   77450.00     1.00004      1.8289    2.115000 
   77500.00     1.00004      1.9187    2.115100 
   77550.00     1.00004      1.8072    2.114160 
   77600.00     1.00004      1.9997    2.115230 
   77650.00     1.00004      1.8398    2.114330 
   77700.00     1.00004      1.6829    2.115900 
   77750.00     1.00004      1.6088    2.116140 
   77800.00     1.00004      1.6532    2.115610 
   77850.00     1.00004      1.7184    2.114760 
   77900.00     1.00004      1.6651    2.114540 
   77950.00     1.00004      1.6937    2.114540 
   78000.00     1.00004      1.7411    2.115230 
   78050.00     1.00004      1.7737    2.115850 
   78100.00     1.00004      1.7707    2.114870 
   78150.00     1.00004      1.8072    2.115560 
   78200.00     1.00006      1.8654    2.115200 
   78250.00     1.00004      1.8783    2.115860 
   78300.00     1.00004      1.9128    2.114880 
   78350.00     1.00004      1.8062    2.115500 
   78400.00     1.00004      1.8901    2.116170 
   78450.00     1.00004      1.8773    2.114790 
   78500.00     1.00004      1.7914    2.114540 
   78550.00     1.00004      1.8141    2.116230 
   78600.00     1.00004      1.7174    2.115930 
   78650.00     1.00004      1.7342    2.115070 
   78700.00     1.00004      1.7006    2.115190 
   78750.00     1.00004      1.7944    2.115440 
   78800.00     1.00004      1.7342    2.115120 
   78850.00     1.00004      1.8477    2.115280 
   78900.00     1.00004      1.7213    2.115820 
   78950.00     1.00004      1.8043    2.115780 
   79000.00     1.00004      1.7302    2.115470 
   79050.00     1.00004      1.6325    2.116500 
   79100.00     1.00004      1.6996    2.116060 
   79150.00     1.00004      1.8358    2.115510 
   79200.00     1.00004      1.7845    2.116690 
   79250.00     1.00004      1.7628    2.116070 
   79300.00     1.00004      1.6858    2.115470 
   79350.00     1.00004      1.7519    2.115490 
   79400.00     1.00004      1.7717    2.116420 
   79450.00     1.00004      1.7085    2.115780 
   79500.00     1.00004      1.8112    2.115200 
   79550.00     1.00004      1.7450    2.116650 
   79600.00     1.00004      1.8181    2.116160 
   79650.00     1.00004      1.7589    2.116610 
   79700.00     1.00004      1.7934    2.116050 
   79750.00     1.00006      1.7391    2.115570 
   79800.00     1.00004      1.7835    2.116900 
   79850.00     1.00004      1.7391    2.116470 
   79900.00     1.00004      1.6453    2.115770 
   79950.00     1.00004      1.6226    2.115660 
