ASI600A Export Data File
Created: Mon Sep 22 14:30:58 2025
    Time        L in        F in       SL in    
    (ms)        (Lo)       (kPa)        (um)    
       0.00     0.95066      0.1036    2.006930 
      50.00     0.95310      0.1184    2.014430 
     100.00     0.95557      0.0829    2.034250 
     150.00     0.95813      0.2971    2.046840 
     200.00     0.96064      0.1332    2.052810 
     250.00     0.96312      0.1678    2.061260 
     300.00     0.96566      0.2596    2.072280 
     350.00     0.96815      0.2635    2.083030 
     400.00     0.97066      0.2231    2.085400 
     450.00     0.97318      0.2339    2.090190 
     500.00     0.97566      0.3672    2.068380 
     550.00     0.97817      0.2586    2.076540 
     600.00     0.98069      0.4086    2.071310 
     650.00     0.98318      0.4422    2.065130 
     700.00     0.98570      0.4116    2.071460 
     750.00     0.98825      0.4560    2.068680 
     800.00     0.99071      0.4787    2.069600 
     850.00     0.99324      0.5665    2.072280 
     900.00     0.99576      0.4935    2.069730 
     950.00     0.99825      0.5448    2.071710 
    1000.00     0.99998      0.4896    2.111870 
    1050.00     1.00004      0.5359    2.117500 
    1100.00     1.00004      0.5547    2.117450 
    1150.00     1.00004      0.6001    2.123810 
    1200.00     1.00004      0.6307    2.112910 
    1250.00     1.00002      0.6771    2.131120 
    1300.00     1.00004      0.6011    2.131780 
    1350.00     1.00004      0.6307    2.131930 
    1400.00     1.00004      0.6208    2.117930 
    1450.00     1.00004      0.6090    2.118050 
    1500.00     1.00004      0.4866    2.118040 
    1550.00     1.00002      0.6149    2.117000 
    1600.00     1.00004      0.5665    2.117860 
    1650.00     1.00002      0.4876    2.131810 
    1700.00     1.00004      0.5508    2.129760 
    1750.00     1.00004      0.5241    2.106130 
    1800.00     1.00004      0.6070    2.118310 
    1850.00     1.00004      0.4975    2.118200 
    1900.00     1.00004      0.6524    2.117920 
    1950.00     1.00004      0.7462    2.117820 
    2000.00     1.00004      0.6277    2.131950 
    2050.00     1.00002      0.6189    2.110230 
    2100.00     1.00004      0.6465    2.126660 
    2150.00     1.00004      0.5912    2.118440 
    2200.00     1.00004      0.5912    2.131560 
    2250.00     1.00004      0.6050    2.131640 
    2300.00     1.00004      0.6593    2.131590 
    2350.00     1.00004      0.7255    2.132020 
    2400.00     1.00004      0.7383    2.105160 
    2450.00     1.00004      0.5962    2.119050 
    2500.00     1.00002      0.5971    2.131320 
    2550.00     1.00004      0.5942    2.132390 
    2600.00     1.00004      0.4580    2.132920 
    2650.00     1.00004      0.4965    2.131510 
    2700.00     1.00002      0.5350    2.132370 
    2750.00     1.00002      0.6011    2.131980 
    2800.00     1.00004      0.5132    2.127920 
    2850.00     1.00004      0.6031    2.121170 
    2900.00     1.00004      0.6366    2.131720 
    2950.00     1.00004      0.4856    2.131100 
    3000.00     1.00004      0.5231    2.130910 
    3050.00     1.00002      0.5350    2.121410 
    3100.00     1.00002      0.5053    2.127760 
    3150.00     1.00004      0.5389    2.131090 
    3200.00     1.00004      0.5981    2.118240 
    3250.00     1.00004      0.7146    2.118200 
    3300.00     1.00004      0.6021    2.104800 
    3350.00     1.00002      0.5359    2.132500 
    3400.00     1.00004      0.6011    2.118080 
    3450.00     1.00004      0.7472    2.131300 
    3500.00     1.00004      0.6761    2.104760 
    3550.00     1.00004      0.5991    2.131820 
    3600.00     1.00004      0.6840    2.114930 
    3650.00     1.00002      0.6366    2.122280 
    3700.00     1.00004      0.6909    2.117940 
    3750.00     1.00004      0.7639    2.131580 
    3800.00     1.00004      0.6751    2.130660 
    3850.00     1.00004      0.6949    2.132370 
    3900.00     1.00004      0.6860    2.132320 
    3950.00     1.00004      0.6268    2.118930 
    4000.00     1.00004      0.6583    2.119130 
    4050.00     1.00004      0.4590    2.118970 
    4100.00     1.00004      0.6820    2.129140 
    4150.00     1.00004      0.7008    2.130930 
    4200.00     1.00004      0.5784    2.131650 
    4250.00     1.00004      0.6011    2.117430 
    4300.00     1.00004      0.5883    2.131070 
    4350.00     1.00004      0.6228    2.131000 
    4400.00     1.00004      0.5744    2.131520 
    4450.00     1.00004      0.6475    2.117490 
    4500.00     1.00004      0.5498    2.130760 
    4550.00     1.00004      0.4925    2.116610 
    4600.00     1.00004      0.5113    2.131180 
    4650.00     1.00004      0.7491    2.130710 
    4700.00     1.00004      0.5873    2.118990 
    4750.00     1.00004      0.6662    2.131200 
    4800.00     1.00002      0.6929    2.130000 
    4850.00     1.00004      0.6939    2.130760 
    4900.00     1.00004      0.6978    2.131070 
    4950.00     1.00004      0.6712    2.131150 
    5000.00     1.00004      0.6110    2.105380 
    5050.00     1.00004      0.7235    2.131060 
    5100.00     1.00004      0.7294    2.118610 
    5150.00     1.00004      0.6889    2.132080 
    5200.00     1.00004      0.6771    2.131620 
    5250.00     1.00004      0.7106    2.130940 
    5300.00     1.00004      0.7403    2.132700 
    5350.00     1.00004      0.6485    2.131610 
    5400.00     1.00004      0.6712    2.130540 
    5450.00     1.00004      0.6317    2.118100 
    5500.00     1.00004      0.5764    2.131320 
    5550.00     1.00004      0.5271    2.131050 
    5600.00     1.00004      0.5873    2.130760 
    5650.00     1.00004      0.6702    2.131080 
    5700.00     1.00002      0.5784    2.131150 
    5750.00     1.00002      0.6485    2.130890 
    5800.00     1.00004      0.5804    2.130720 
    5850.00     1.00004      0.6021    2.131260 
    5900.00     1.00004      0.6929    2.130130 
    5950.00     1.00004      0.6524    2.129760 
    6000.00     1.00002      0.6060    2.130550 
    6050.00     1.00004      0.4343    2.130720 
    6100.00     1.00004      0.5034    2.131120 
    6150.00     1.00004      0.4945    2.131400 
    6200.00     1.00004      0.5369    2.117110 
    6250.00     1.00002      0.5162    2.131270 
    6300.00     1.00004      0.5379    2.117220 
    6350.00     1.00002      0.5675    2.131790 
    6400.00     1.00004      0.5971    2.130870 
    6450.00     1.00004      0.5517    2.130020 
    6500.00     1.00002      0.6376    2.131660 
    6550.00     1.00004      0.7531    2.120170 
    6600.00     1.00002      0.7166    2.121650 
    6650.00     1.00004      0.7412    2.118700 
    6700.00     1.00004      0.6356    2.117550 
    6750.00     1.00004      0.6425    2.131400 
    6800.00     1.00004      0.6070    2.123550 
    6850.00     1.00004      0.6968    2.125910 
    6900.00     1.00004      0.6445    2.118650 
    6950.00     1.00004      0.6416    2.130780 
    7000.00     1.00004      0.7087    2.116500 
    7050.00     1.00004      0.7264    2.131460 
    7100.00     1.00004      0.7126    2.131430 
    7150.00     1.00004      0.5962    2.130780 
    7200.00     1.00004      0.6110    2.130020 
    7250.00     1.00004      0.4698    2.131430 
    7300.00     1.00004      0.2793    2.130000 
    7350.00     1.00004      0.5843    2.130760 
    7400.00     1.00004      0.5310    2.131010 
    7450.00     1.00002      0.5883    2.104720 
    7500.00     1.00004      0.6041    2.130650 
    7550.00     1.00004      0.6643    2.130990 
    7600.00     1.00004      0.6613    2.109970 
    7650.00     1.00004      0.7472    2.126970 
    7700.00     1.00004      0.7106    2.130470 
    7750.00     1.00004      0.7087    2.130050 
    7800.00     1.00004      0.6248    2.118420 
    7850.00     1.00004      0.5725    2.127950 
    7900.00     1.00004      0.7225    2.119770 
    7950.00     1.00004      0.7087    2.130580 
    8000.00     1.00004      0.7452    2.121090 
    8050.00     1.00004      0.7225    2.126050 
    8100.00     1.00004      0.6850    2.130920 
    8150.00     1.00004      0.7097    2.129240 
    8200.00     1.00004      0.6386    2.130800 
    8250.00     1.00004      0.7028    2.130380 
    8300.00     1.00004      0.6939    2.129570 
    8350.00     1.00004      0.6110    2.130550 
    8400.00     1.00002      0.6860    2.129430 
    8450.00     1.00004      0.6031    2.130540 
    8500.00     1.00004      0.4017    2.120520 
    8550.00     1.00004      0.4540    2.098230 
    8600.00     1.00004      0.6080    2.121110 
    8650.00     1.00002      0.6100    2.130610 
    8700.00     1.00004      0.5596    2.120600 
    8750.00     1.00004      0.4925    2.126990 
    8800.00     1.00004      0.5142    2.129210 
    8850.00     1.00004      0.5468    2.118340 
    8900.00     1.00004      0.6179    2.129550 
    8950.00     1.00004      0.6968    2.129900 
    9000.00     1.00004      0.6208    2.130690 
    9050.00     1.00004      0.7057    2.131800 
    9100.00     1.00004      0.5261    2.119330 
    9150.00     1.00004      0.4619    2.102270 
    9200.00     1.00004      0.5458    2.130500 
    9250.00     1.00004      0.6139    2.130170 
    9300.00     1.00004      0.6268    2.117240 
    9350.00     1.00004      0.7560    2.130970 
    9400.00     1.00004      0.5863    2.120000 
    9450.00     1.00004      0.5902    2.128700 
    9500.00     1.00004      0.5735    2.130760 
    9550.00     1.00004      0.6445    2.131280 
    9600.00     1.00004      0.5774    2.107780 
    9650.00     1.00004      0.7235    2.129500 
    9700.00     1.00004      0.5971    2.131600 
    9750.00     1.00004      0.5902    2.131240 
    9800.00     1.00002      0.6791    2.130420 
    9850.00     1.00002      0.6682    2.129850 
    9900.00     1.00004      0.5300    2.129740 
    9950.00     1.00004      0.4896    2.130500 
   10000.00     1.00137      0.4580    2.131290 
   10050.00     1.00410      0.5172    2.132980 
   10100.00     1.00684      0.6307    2.133120 
   10150.00     1.00965      0.5804    2.138420 
   10200.00     1.01237      0.6001    2.137350 
   10250.00     1.01514      0.6307    2.159460 
   10300.00     1.01790      0.7630    2.175960 
   10350.00     1.02060      0.8557    2.180090 
   10400.00     1.02335      0.9456    2.183080 
   10450.00     1.02607      1.0127    2.184170 
   10500.00     1.02879      0.9386    2.185600 
   10550.00     1.03152      1.0670    2.189230 
   10600.00     1.03422      1.0137    2.191930 
   10650.00     1.03692      0.9762    2.196370 
   10700.00     1.03963      1.0364    2.206560 
   10750.00     1.04227      1.1499    2.220560 
   10800.00     1.04495      1.2022    2.229160 
   10850.00     1.04767      1.1430    2.234460 
   10900.00     1.05031      1.2910    2.237550 
   10950.00     1.05297      1.2644    2.239220 
   11000.00     1.05557      1.1755    2.244220 
   11050.00     1.05817      1.3433    2.248460 
   11100.00     1.06083      1.3453    2.253830 
   11150.00     1.06333      1.3897    2.264320 
   11200.00     1.06593      1.4193    2.272920 
   11250.00     1.06850      1.4618    2.276940 
   11300.00     1.07094      1.5970    2.280520 
   11350.00     1.07353      1.6986    2.281490 
   11400.00     1.07603      1.6720    2.279870 
   11450.00     1.07846      1.6532    2.282050 
   11500.00     1.08092      1.8003    2.282490 
   11550.00     1.08337      1.7510    2.265450 
   11600.00     1.08578      1.8487    2.262930 
   11650.00     1.08819      1.9632    2.229910 
   11700.00     1.09060      2.0619    2.212840 
   11750.00     1.09287      1.9720    2.212270 
   11800.00     1.09522      1.9829    2.214760 
   11850.00     1.09757      2.1793    2.215130 
   11900.00     1.09981      2.2306    2.216320 
   11950.00     1.10208      2.2089    2.219720 
   12000.00     1.10435      2.3580    2.231290 
   12050.00     1.10651      2.4656    2.238420 
   12100.00     1.10869      2.3777    2.244030 
   12150.00     1.11089      2.4961    2.246680 
   12200.00     1.11301      2.5583    2.248820 
   12250.00     1.11507      2.6945    2.249850 
   12300.00     1.11715      2.7696    2.252850 
   12350.00     1.11921      2.7923    2.256610 
   12400.00     1.12116      2.9265    2.257840 
   12450.00     1.12316      2.9561    2.257960 
   12500.00     1.12513      2.9364    2.259290 
   12550.00     1.12705      3.0953    2.261830 
   12600.00     1.12888      3.1614    2.264610 
   12650.00     1.13077      3.3015    2.268300 
   12700.00     1.13262      3.5305    2.267150 
   12750.00     1.13443      3.5779    2.268320 
   12800.00     1.13613      3.5453    2.275690 
   12850.00     1.13786      3.5898    2.291140 
   12900.00     1.13958      3.6727    2.302230 
   12950.00     1.14125      3.7694    2.302880 
   13000.00     1.14281      3.7398    2.303200 
   13050.00     1.14439      3.8928    2.304810 
   13100.00     1.14597      3.9540    2.307550 
   13150.00     1.14753      3.8770    2.313130 
   13200.00     1.14900      3.9599    2.314150 
   13250.00     1.15039      3.9698    2.315720 
   13300.00     1.15179      4.0487    2.313630 
   13350.00     1.15318      4.1188    2.313440 
   13400.00     1.15453      4.2619    2.313420 
   13450.00     1.15582      4.3063    2.315680 
   13500.00     1.15703      4.2599    2.318380 
   13550.00     1.15825      4.2974    2.320670 
   13600.00     1.15944      4.3557    2.322550 
   13650.00     1.16058      4.4593    2.323260 
   13700.00     1.16170      4.4494    2.323300 
   13750.00     1.16277      4.5363    2.324060 
   13800.00     1.16376      4.4534    2.324880 
   13850.00     1.16470      4.5442    2.326850 
   13900.00     1.16563      4.6389    2.344670 
   13950.00     1.16653      4.8225    2.352120 
   14000.00     1.16740      4.8669    2.357290 
   14050.00     1.16821      4.7584    2.363210 
   14100.00     1.16900      4.7998    2.363910 
   14150.00     1.16973      4.7179    2.363130 
   14200.00     1.17042      4.7919    2.361250 
   14250.00     1.17106      4.9459    2.361780 
   14300.00     1.17156      5.0012    2.362340 
   14350.00     1.17220      4.9578    2.362160 
   14400.00     1.17270      4.9814    2.361960 
   14450.00     1.17314      4.9173    2.362940 
   14500.00     1.17360      5.0515    2.363840 
   14550.00     1.17401      5.0535    2.363610 
   14600.00     1.17435      5.1344    2.363360 
   14650.00     1.17462      5.0604    2.364390 
   14700.00     1.17487      5.0722    2.365870 
   14750.00     1.17514      4.9696    2.365240 
   14800.00     1.17532      5.0298    2.365570 
   14850.00     1.17545      5.0219    2.365280 
   14900.00     1.17553      5.1502    2.365580 
   14950.00     1.17555      5.1867    2.366100 
   15000.00     1.17555      4.9844    2.365820 
   15050.00     1.17555      5.0002    2.365960 
   15100.00     1.17545      5.0071    2.365570 
   15150.00     1.17534      4.9548    2.365030 
   15200.00     1.17516      4.9656    2.364310 
   15250.00     1.17487      4.9775    2.363090 
   15300.00     1.17464      4.9874    2.364170 
   15350.00     1.17435      4.9903    2.363240 
   15400.00     1.17401      4.8936    2.362580 
   15450.00     1.17362      4.7130    2.361780 
   15500.00     1.17316      4.8679    2.361430 
   15550.00     1.17270      4.8107    2.359540 
   15600.00     1.17220      4.7653    2.359500 
   15650.00     1.17158      4.6311    2.360470 
   15700.00     1.17106      4.7001    2.359070 
   15750.00     1.17044      4.5955    2.359400 
   15800.00     1.16975      4.5393    2.359000 
   15850.00     1.16902      4.5689    2.359760 
   15900.00     1.16823      4.3320    2.360590 
   15950.00     1.16742      4.2965    2.358440 
   16000.00     1.16655      4.0477    2.352290 
   16050.00     1.16565      4.0448    2.343420 
   16100.00     1.16472      3.9145    2.324620 
   16150.00     1.16378      4.0043    2.322280 
   16200.00     1.16279      3.8444    2.321050 
   16250.00     1.16173      3.7299    2.318970 
   16300.00     1.16062      3.7822    2.318380 
   16350.00     1.15948      3.7013    2.318130 
   16400.00     1.15827      3.5996    2.317620 
   16450.00     1.15705      3.5641    2.316780 
   16500.00     1.15586      3.4871    2.315400 
   16550.00     1.15457      3.3055    2.312700 
   16600.00     1.15322      3.3302    2.311200 
   16650.00     1.15183      3.1969    2.310040 
   16700.00     1.15042      3.3391    2.310350 
   16750.00     1.14904      3.2542    2.312080 
   16800.00     1.14755      3.1742    2.312460 
   16850.00     1.14599      3.1890    2.311710 
   16900.00     1.14443      3.0814    2.307820 
   16950.00     1.14283      2.9571    2.303020 
   17000.00     1.14129      2.9808    2.300710 
   17050.00     1.13961      2.8959    2.303000 
   17100.00     1.13790      2.8288    2.304170 
   17150.00     1.13617      2.6442    2.280220 
   17200.00     1.13447      2.6600    2.267980 
   17250.00     1.13266      2.5524    2.263970 
   17300.00     1.13081      2.4744    2.260940 
   17350.00     1.12894      2.3965    2.260710 
   17400.00     1.12709      2.4300    2.260220 
   17450.00     1.12516      2.3145    2.258720 
   17500.00     1.12320      2.3066    2.256420 
   17550.00     1.12119      2.2711    2.254150 
   17600.00     1.11925      2.1734    2.253410 
   17650.00     1.11719      2.0865    2.254830 
   17700.00     1.11511      1.9770    2.251480 
   17750.00     1.11304      1.8990    2.245320 
   17800.00     1.11094      1.9355    2.234540 
   17850.00     1.10873      1.7529    2.224350 
   17900.00     1.10655      1.8378    2.218320 
   17950.00     1.10441      1.8210    2.215940 
   18000.00     1.10212      1.7233    2.212680 
   18050.00     1.09987      1.6365    2.210810 
   18100.00     1.09763      1.5338    2.209620 
   18150.00     1.09528      1.4568    2.208460 
   18200.00     1.09291      1.4706    2.206600 
   18250.00     1.09064      1.4697    2.204660 
   18300.00     1.08823      1.3907    2.201000 
   18350.00     1.08582      1.3236    2.199130 
   18400.00     1.08343      1.3019    2.183490 
   18450.00     1.08100      1.1805    2.169440 
   18500.00     1.07850      1.1124    2.166160 
   18550.00     1.07609      0.9722    2.164810 
   18600.00     1.07356      1.0808    2.162300 
   18650.00     1.07100      1.2762    2.177370 
   18700.00     1.06855      1.0877    2.203160 
   18750.00     1.06597      1.0670    2.232490 
   18800.00     1.06341      0.9485    2.231520 
   18850.00     1.06089      0.8478    2.231890 
   18900.00     1.05823      0.7906    2.229510 
   18950.00     1.05563      0.8834    2.228250 
   19000.00     1.05303      0.7886    2.212490 
   19050.00     1.05037      0.7176    2.140740 
   19100.00     1.04773      0.6682    2.146860 
   19150.00     1.04503      0.5172    2.151350 
   19200.00     1.04233      0.5952    2.155490 
   19250.00     1.03969      0.5429    2.138960 
   19300.00     1.03699      0.4787    2.117240 
   19350.00     1.03426      0.4511    2.120100 
   19400.00     1.03160      0.5241    2.117110 
   19450.00     1.02884      0.5073    2.113490 
   19500.00     1.02613      0.5616    2.120230 
   19550.00     1.02341      0.4422    2.119090 
   19600.00     1.02066      0.4767    2.120910 
   19650.00     1.01796      0.5172    2.123030 
   19700.00     1.01518      0.3573    2.116110 
   19750.00     1.01245      0.4145    2.112450 
   19800.00     1.00971      0.4086    2.111190 
   19850.00     1.00692      0.3731    2.106300 
   19900.00     1.00418      0.4027    2.102230 
   19950.00     1.00143      0.3336    2.098850 
   20000.00     0.99875      0.2369    2.092890 
   20050.00     0.99599      0.1708    2.084440 
   20100.00     0.99322      0.2764    2.077730 
   20150.00     0.99046      0.1865    2.072540 
   20200.00     0.98775      0.0859    2.067320 
   20250.00     0.98497      0.0957    2.063710 
   20300.00     0.98224      0.0000    2.061470 
   20350.00     0.97948     -0.0691    2.058610 
   20400.00     0.97672      0.1421    2.058450 
   20450.00     0.97407      0.0336    2.056840 
   20500.00     0.97129      0.0671    2.053440 
   20550.00     0.96859     -0.0494    2.049650 
   20600.00     0.96592     -0.0572    2.044900 
   20650.00     0.96316      0.0020    2.036260 
   20700.00     0.96050     -0.0523    2.027760 
   20750.00     0.95780      0.0750    2.016210 
   20800.00     0.95511     -0.0415    2.009550 
   20850.00     0.95250     -0.1846    2.005750 
   20900.00     0.94985     -0.1954    2.014080 
   20950.00     0.94719     -0.2241    2.019020 
   21000.00     0.94459     -0.1777    2.015850 
   21050.00     0.94195     -0.2389    2.006160 
   21100.00     0.93938     -0.2714    1.980200 
   21150.00     0.93680     -0.2349    1.951960 
   21200.00     0.93420     -0.1856    1.967880 
   21250.00     0.93168     -0.1392    2.000800 
   21300.00     0.92915     -0.1096    1.969730 
   21350.00     0.92661     -0.1796    1.942290 
   21400.00     0.92416     -0.2043    1.936920 
   21450.00     0.92168     -0.1688    1.956060 
   21500.00     0.91921      0.0109    1.957220 
   21550.00     0.91680     -0.1816    1.930050 
   21600.00     0.91437     -0.1954    1.918650 
   21650.00     0.91197     -0.1688    1.926500 
   21700.00     0.90961     -0.3168    1.943280 
   21750.00     0.90724     -0.2349    1.942440 
   21800.00     0.90491     -0.2300    1.931290 
   21850.00     0.90264     -0.2171    1.929150 
   21900.00     0.90037     -0.2319    1.929260 
   21950.00     0.89805     -0.1619    1.930900 
   22000.00     0.89584     -0.2231    1.930590 
   22050.00     0.89364     -0.2063    2.044450 
   22100.00     0.89145     -0.2033    1.917480 
   22150.00     0.88929     -0.2625    1.905030 
   22200.00     0.88721     -0.0938    1.906180 
   22250.00     0.88507     -0.0859    2.259000 
   22300.00     0.88299     -0.0957    1.975140 
   22350.00     0.88098     -0.2734    1.896070 
   22400.00     0.87898     -0.1846    2.424880 
   22450.00     0.87697     -0.2004    2.486240 
   22500.00     0.87499     -0.1026    2.497250 
   22550.00     0.87314     -0.1757    2.382370 
   22600.00     0.87123     -0.1747    2.251330 
   22650.00     0.86936     -0.1510    2.362820 
   22700.00     0.86753     -0.1461    2.451620 
   22750.00     0.86580     -0.0977    2.491490 
   22800.00     0.86403      0.0148    2.485060 
   22850.00     0.86227     -0.0503    2.236850 
   22900.00     0.86056      0.0415    2.500000 
   22950.00     0.85896     -0.1066    2.500000 
   23000.00     0.85732     -0.1402    2.499940 
   23050.00     0.85572     -0.1698    2.496870 
   23100.00     0.85414     -0.2606    2.496060 
   23150.00     0.85264     -0.2211    2.492460 
   23200.00     0.85121     -0.0859    2.492650 
   23250.00     0.84977     -0.1145    2.488320 
   23300.00     0.84838     -0.2625    2.492700 
   23350.00     0.84699     -0.1273    2.427100 
   23400.00     0.84566     -0.1323    2.412660 
   23450.00     0.84443     -0.0257    2.479660 
   23500.00     0.84318      0.0326    2.484860 
   23550.00     0.84195     -0.0790    2.500000 
   23600.00     0.84077     -0.0661    2.376420 
   23650.00     0.83960     -0.0039    2.398780 
   23700.00     0.83852      0.0059    2.311070 
   23750.00     0.83755      0.0721    2.280000 
   23800.00     0.83649      0.0750    2.403040 
   23850.00     0.83549      0.0533    2.295250 
   23900.00     0.83455      0.0661    2.424740 
   23950.00     0.83364     -0.0049    2.500000 
   24000.00     0.83281      0.0711    2.500000 
   24050.00     0.83195      0.0257    2.452060 
   24100.00     0.83121     -0.0188    2.385700 
   24150.00     0.83050     -0.0967    2.359030 
   24200.00     0.82987     -0.0661    2.359580 
   24250.00     0.82919     -0.2813    2.431180 
   24300.00     0.82859     -0.0572    2.462130 
   24350.00     0.82805     -0.1175    2.500000 
   24400.00     0.82748     -0.0918    2.500000 
   24450.00     0.82701     -0.0424    2.500000 
   24500.00     0.82661     -0.0730    2.458090 
   24550.00     0.82620     -0.1204    2.499490 
   24600.00     0.82582     -0.1214    2.468160 
   24650.00     0.82551     -0.2556    2.463510 
   24700.00     0.82528     -0.0188    2.465880 
   24750.00     0.82507     -0.1194    2.441200 
   24800.00     0.82491     -0.0967    2.475640 
   24850.00     0.82478     -0.0178    2.495590 
   24900.00     0.82466      0.0178    2.414390 
   24950.00     0.82468     -0.0089    2.474880 
   25000.00     0.82468     -0.0494    2.468100 
   25050.00     0.82466     -0.1204    2.465780 
   25100.00     0.82478     -0.1905    2.436660 
   25150.00     0.82489     -0.2260    2.458950 
   25200.00     0.82507     -0.1303    2.422980 
   25250.00     0.82526     -0.1303    2.466180 
   25300.00     0.82551     -0.1648    2.434190 
   25350.00     0.82580     -0.1796    2.468060 
   25400.00     0.82618     -0.3089    2.323760 
   25450.00     0.82661     -0.3030    2.500000 
   25500.00     0.82701     -0.2221    2.367840 
   25550.00     0.82748     -0.3395    2.500000 
   25600.00     0.82803     -0.1017    2.500000 
   25650.00     0.82857     -0.0138    2.500000 
   25700.00     0.82917     -0.0553    2.369580 
   25750.00     0.82985     -0.0553    2.307510 
   25800.00     0.83048     -0.0109    2.307080 
   25850.00     0.83119     -0.1500    2.347310 
   25900.00     0.83195     -0.1431    2.439310 
   25950.00     0.83279     -0.0780    2.398020 
   26000.00     0.83362     -0.1550    2.424880 
   26050.00     0.83455     -0.1244    2.401390 
   26100.00     0.83547     -0.0908    2.500000 
   26150.00     0.83647      0.0711    2.464610 
   26200.00     0.83751     -0.0118    2.489620 
   26250.00     0.83848     -0.0819    2.393640 
   26300.00     0.83958     -0.0089    2.396610 
   26350.00     0.84073     -0.0760    2.419570 
   26400.00     0.84193     -0.0948    2.426810 
   26450.00     0.84314     -0.0967    2.480690 
   26500.00     0.84441     -0.0424    2.466520 
   26550.00     0.84563     -0.1263    2.300090 
   26600.00     0.84697     -0.1717    2.373570 
   26650.00     0.84834     -0.0533    2.380970 
   26700.00     0.84973     -0.0780    2.430800 
   26750.00     0.85119     -0.1421    2.488540 
   26800.00     0.85262      0.0266    2.480230 
   26850.00     0.85412      0.0039    2.447770 
   26900.00     0.85568     -0.0178    2.397070 
   26950.00     0.85728      0.1096    2.438650 
   27000.00     0.85894      0.1688    2.490640 
   27050.00     0.86052      0.1421    2.383520 
   27100.00     0.86224      0.0326    2.500000 
   27150.00     0.86397      0.0464    2.500000 
   27200.00     0.86574      0.0099    2.486650 
   27250.00     0.86750      0.0197    2.474080 
   27300.00     0.86933     -0.0266    2.186970 
   27350.00     0.87119      0.0158    1.943390 
   27400.00     0.87310     -0.1530    2.139550 
   27450.00     0.87495     -0.0247    2.384070 
   27500.00     0.87694      0.0385    2.058690 
   27550.00     0.87892      0.0671    1.893210 
   27600.00     0.88094      0.1096    1.943710 
   27650.00     0.88293      0.0158    1.867070 
   27700.00     0.88503     -0.0158    1.908620 
   27750.00     0.88717     -0.0089    1.902520 
   27800.00     0.88923      0.0217    1.927800 
   27850.00     0.89139     -0.1036    1.934140 
   27900.00     0.89358      0.0197    1.914260 
   27950.00     0.89578      0.0691    1.905110 
   28000.00     0.89800     -0.0632    1.933580 
   28050.00     0.90031      0.0888    1.961730 
   28100.00     0.90258     -0.0148    1.905000 
   28150.00     0.90484     -0.0612    1.928050 
   28200.00     0.90719     -0.0197    1.942990 
   28250.00     0.90956      0.0039    1.933400 
   28300.00     0.91191      0.0010    1.910610 
   28350.00     0.91432      0.0138    1.932820 
   28400.00     0.91674      0.0740    1.967620 
   28450.00     0.91915      0.0691    1.922920 
   28500.00     0.92162      0.1451    1.928900 
   28550.00     0.92410      0.0859    1.939860 
   28600.00     0.92655      0.1737    1.963060 
   28650.00     0.92909      0.0997    1.970810 
   28700.00     0.93162      0.1668    1.975410 
   28750.00     0.93414      0.2468    1.975270 
   28800.00     0.93676      0.2250    1.974620 
   28850.00     0.93933      0.3257    1.974110 
   28900.00     0.94189      0.2862    1.976260 
   28950.00     0.94453      0.3583    1.978810 
   29000.00     0.94711      0.4175    1.978060 
   29050.00     0.94977      0.4224    1.981050 
   29100.00     0.95245      0.5359    1.987270 
   29150.00     0.95505      0.4925    2.000560 
   29200.00     0.95775      0.5004    2.009460 
   29250.00     0.96044      0.6080    2.015620 
   29300.00     0.96312      0.5508    2.031720 
   29350.00     0.96584      0.6396    2.044460 
   29400.00     0.96854      0.6119    2.049750 
   29450.00     0.97123      0.6100    2.056370 
   29500.00     0.97399      0.6544    2.067120 
   29550.00     0.97667      0.6652    2.085410 
   29600.00     0.97942      0.8696    2.093680 
   29650.00     0.98218      0.8054    2.092740 
   29700.00     0.98489      0.7472    2.089840 
   29750.00     0.98769      0.7886    2.083480 
   29800.00     0.99040      0.8725    2.072380 
   29850.00     0.99316      0.8883    2.076290 
   29900.00     0.99593      0.9258    2.074650 
   29950.00     0.99867      0.8005    2.081190 
   30000.00     1.00137      0.8024    2.095050 
   30050.00     1.00410      0.8399    2.106500 
   30100.00     1.00684      0.8696    2.126400 
   30150.00     1.00965      0.7758    2.134830 
   30200.00     1.01237      0.8360    2.136220 
   30250.00     1.01513      1.0551    2.141670 
   30300.00     1.01790      1.0423    2.147270 
   30350.00     1.02058      0.9633    2.167460 
   30400.00     1.02335      1.0097    2.183050 
   30450.00     1.02607      1.0137    2.186450 
   30500.00     1.02877      1.0107    2.188510 
   30550.00     1.03152      1.0107    2.190750 
   30600.00     1.03420      1.1094    2.190960 
   30650.00     1.03692      1.2120    2.194050 
   30700.00     1.03963      1.2920    2.201870 
   30750.00     1.04227      1.2101    2.214620 
   30800.00     1.04495      1.3404    2.226400 
   30850.00     1.04767      1.4608    2.233200 
   30900.00     1.05031      1.3542    2.234580 
   30950.00     1.05297      1.3966    2.238550 
   31000.00     1.05555      1.4618    2.242580 
   31050.00     1.05815      1.4776    2.247530 
   31100.00     1.06081      1.5062    2.253030 
   31150.00     1.06333      1.6414    2.265180 
   31200.00     1.06593      1.7766    2.278070 
   31250.00     1.06850      1.7579    2.282750 
   31300.00     1.07094      1.8398    2.286200 
   31350.00     1.07353      2.0096    2.286500 
   31400.00     1.07601      2.1211    2.286880 
   31450.00     1.07844      2.0145    2.289010 
   31500.00     1.08092      2.1912    2.290300 
   31550.00     1.08337      2.2425    2.287010 
   31600.00     1.08576      2.2178    2.284550 
   31650.00     1.08819      2.0244    2.277620 
   31700.00     1.09058      2.3136    2.212450 
   31750.00     1.09285      2.3560    2.244180 
   31800.00     1.09522      2.4577    2.215810 
   31850.00     1.09757      2.5485    2.215100 
   31900.00     1.09981      2.6156    2.217430 
   31950.00     1.10208      2.6866    2.227970 
   32000.00     1.10434      2.7607    2.227590 
   32050.00     1.10649      2.6639    2.233870 
   32100.00     1.10867      2.6521    2.240730 
   32150.00     1.11089      2.7824    2.245780 
   32200.00     1.11299      2.8377    2.246960 
   32250.00     1.11505      2.9028    2.248410 
   32300.00     1.11715      3.0587    2.251810 
   32350.00     1.11921      3.1436    2.254840 
   32400.00     1.12116      3.3321    2.256260 
   32450.00     1.12316      3.3381    2.256620 
   32500.00     1.12513      3.3805    2.258450 
   32550.00     1.12705      3.4427    2.262020 
   32600.00     1.12888      3.4684    2.264730 
   32650.00     1.13077      3.5197    2.265520 
   32700.00     1.13260      3.5463    2.266110 
   32750.00     1.13441      3.4447    2.267400 
   32800.00     1.13611      3.6055    2.272550 
   32850.00     1.13786      3.6885    2.286040 
   32900.00     1.13958      3.7911    2.297160 
   32950.00     1.14123      3.7812    2.300540 
   33000.00     1.14279      3.9293    2.299870 
   33050.00     1.14439      4.0566    2.301540 
   33100.00     1.14595      4.1593    2.306420 
   33150.00     1.14751      4.1543    2.310880 
   33200.00     1.14900      4.1899    2.314380 
   33250.00     1.15037      4.2441    2.313920 
   33300.00     1.15179      4.2037    2.312340 
   33350.00     1.15318      4.2836    2.311290 
   33400.00     1.15451      4.4504    2.312460 
   33450.00     1.15580      4.4899    2.314900 
   33500.00     1.15703      4.5333    2.317780 
   33550.00     1.15823      4.5491    2.321610 
   33600.00     1.15944      4.5472    2.321710 
   33650.00     1.16058      4.5866    2.322170 
   33700.00     1.16170      4.6172    2.321960 
   33750.00     1.16277      4.7278    2.322320 
   33800.00     1.16374      4.7870    2.323020 
   33850.00     1.16470      4.9479    2.326290 
   33900.00     1.16563      4.9420    2.336310 
   33950.00     1.16653      4.8936    2.351800 
   34000.00     1.16740      5.0367    2.360540 
   34050.00     1.16821      5.1117    2.359620 
   34100.00     1.16900      5.1532    2.360940 
   34150.00     1.16971      5.0515    2.361850 
   34200.00     1.17040      5.0949    2.359940 
   34250.00     1.17104      5.0683    2.360410 
   34300.00     1.17156      5.2252    2.360160 
   34350.00     1.17218      5.2509    2.359870 
   34400.00     1.17268      5.1344    2.359530 
   34450.00     1.17314      5.2963    2.360710 
   34500.00     1.17358      5.2499    2.362920 
   34550.00     1.17399      5.2233    2.363250 
   34600.00     1.17434      5.3101    2.362280 
   34650.00     1.17462      5.2933    2.363140 
   34700.00     1.17487      5.3101    2.363680 
   34750.00     1.17513      5.2489    2.363980 
   34800.00     1.17532      5.3595    2.364680 
   34850.00     1.17545      5.2134    2.365950 
   34900.00     1.17553      5.2499    2.365480 
   34950.00     1.17553      5.2006    2.364850 
   35000.00     1.17553      5.1325    2.366620 
   35050.00     1.17553      5.1749    2.366510 
   35100.00     1.17545      5.1927    2.366710 
   35150.00     1.17532      5.1946    2.366120 
   35200.00     1.17514      5.1226    2.364270 
   35250.00     1.17487      4.9716    2.364350 
   35300.00     1.17462      4.8541    2.363330 
   35350.00     1.17435      4.9854    2.362560 
   35400.00     1.17401      4.9617    2.363120 
   35450.00     1.17360      4.9558    2.359980 
   35500.00     1.17314      4.9824    2.360560 
   35550.00     1.17270      4.8600    2.360600 
   35600.00     1.17220      4.6893    2.358810 
   35650.00     1.17158      4.6774    2.358730 
   35700.00     1.17106      4.7752    2.358300 
   35750.00     1.17042      4.6538    2.357540 
   35800.00     1.16973      4.6765    2.357400 
   35850.00     1.16902      4.5926    2.358320 
   35900.00     1.16823      4.4248    2.358710 
   35950.00     1.16742      4.3369    2.354480 
   36000.00     1.16655      4.3922    2.353660 
   36050.00     1.16565      4.3172    2.339770 
   36100.00     1.16470      4.3142    2.323770 
   36150.00     1.16376      4.3142    2.320680 
   36200.00     1.16277      4.1602    2.319290 
   36250.00     1.16171      4.1790    2.317580 
   36300.00     1.16060      4.0092    2.317420 
   36350.00     1.15946      3.9905    2.318920 
   36400.00     1.15827      3.8780    2.317770 
   36450.00     1.15705      3.6944    2.316620 
   36500.00     1.15586      3.6391    2.315270 
   36550.00     1.15455      3.4417    2.313380 
   36600.00     1.15320      3.5226    2.310850 
   36650.00     1.15181      3.4861    2.309540 
   36700.00     1.15040      3.4101    2.309580 
   36750.00     1.14904      3.4299    2.310740 
   36800.00     1.14755      3.2798    2.311790 
   36850.00     1.14599      3.2315    2.310740 
   36900.00     1.14441      3.1693    2.307550 
   36950.00     1.14283      3.1999    2.302280 
   37000.00     1.14127      3.1061    2.296500 
   37050.00     1.13960      2.9650    2.292600 
   37100.00     1.13790      2.9630    2.302130 
   37150.00     1.13615      2.9235    2.270610 
   37200.00     1.13445      2.7459    2.266310 
   37250.00     1.13264      2.6985    2.262030 
   37300.00     1.13081      2.5396    2.259960 
   37350.00     1.12892      2.4902    2.259830 
   37400.00     1.12709      2.6274    2.259370 
   37450.00     1.12516      2.6383    2.258580 
   37500.00     1.12320      2.5386    2.255530 
   37550.00     1.12118      2.4300    2.252500 
   37600.00     1.11925      2.3126    2.252160 
   37650.00     1.11719      2.1290    2.252160 
   37700.00     1.11511      2.2741    2.250840 
   37750.00     1.11304      2.2316    2.243640 
   37800.00     1.11092      2.0609    2.233600 
   37850.00     1.10873      1.9790    2.226600 
   37900.00     1.10655      1.9326    2.218270 
   37950.00     1.10439      1.9276    2.215940 
   38000.00     1.10212      1.7223    2.211650 
   38050.00     1.09985      1.7046    2.210160 
   38100.00     1.09761      1.5466    2.209830 
   38150.00     1.09526      1.4400    2.207900 
   38200.00     1.09291      1.5368    2.203860 
   38250.00     1.09064      1.5486    2.202390 
   38300.00     1.08823      1.4568    2.200390 
   38350.00     1.08582      1.4716    2.195000 
   38400.00     1.08341      1.3413    2.183150 
   38450.00     1.08098      1.2120    2.167750 
   38500.00     1.07850      1.2930    2.164850 
   38550.00     1.07607      1.3068    2.164360 
   38600.00     1.07356      1.0758    2.161910 
   38650.00     1.07100      1.1055    2.160260 
   38700.00     1.06855      1.0354    2.182330 
   38750.00     1.06597      0.9308    2.232830 
   38800.00     1.06339      0.9515    2.196440 
   38850.00     1.06087      1.0670    2.212660 
   38900.00     1.05821      0.8666    2.229560 
   38950.00     1.05561      0.8992    2.212230 
   39000.00     1.05303      0.7936    2.185630 
   39050.00     1.05037      0.7353    2.146310 
   39100.00     1.04773      0.7304    2.139520 
   39150.00     1.04501      0.7176    2.135760 
   39200.00     1.04233      0.6129    2.133920 
   39250.00     1.03969      0.5537    2.137590 
   39300.00     1.03697      0.6208    2.116790 
   39350.00     1.03426      0.7728    2.120250 
   39400.00     1.03158      0.6327    2.120830 
   39450.00     1.02882      0.6544    2.117270 
   39500.00     1.02611      0.7788    2.126620 
   39550.00     1.02341      0.6958    2.125080 
   39600.00     1.02064      0.6475    2.122030 
   39650.00     1.01796      0.5014    2.126170 
   39700.00     1.01518      0.4639    2.115260 
   39750.00     1.01243      0.4195    2.111540 
   39800.00     1.00969      0.2527    2.109300 
   39850.00     1.00692      0.3899    2.104460 
   39900.00     1.00418      0.2862    2.100240 
   39950.00     1.00141      0.1717    2.097270 
   40000.00     0.99873      0.2231    2.091830 
   40050.00     0.99599      0.3079    2.086920 
   40100.00     0.99322      0.3070    2.079500 
   40150.00     0.99046      0.2931    2.072660 
   40200.00     0.98775      0.3603    2.067540 
   40250.00     0.98495      0.2379    2.064660 
   40300.00     0.98222      0.2319    2.062900 
   40350.00     0.97948      0.3079    2.060130 
   40400.00     0.97672      0.2073    2.060610 
   40450.00     0.97405      0.2685    2.057400 
   40500.00     0.97129      0.1481    2.052690 
   40550.00     0.96857      0.0730    2.048550 
   40600.00     0.96592      0.1342    2.042650 
   40650.00     0.96316      0.0987    2.029180 
   40700.00     0.96050      0.0572    2.022880 
   40750.00     0.95780      0.0089    2.015190 
   40800.00     0.95511      0.0543    2.014240 
   40850.00     0.95250     -0.1638    2.033980 
   40900.00     0.94983     -0.0355    2.028890 
   40950.00     0.94717     -0.1076    2.017320 
   41000.00     0.94459     -0.0197    2.008160 
   41050.00     0.94195     -0.0059    1.988940 
   41100.00     0.93938     -0.1500    1.965250 
   41150.00     0.93682     -0.1194    1.985890 
   41200.00     0.93418      0.0306    2.002860 
   41250.00     0.93168     -0.0326    1.978800 
   41300.00     0.92913     -0.0099    1.948700 
   41350.00     0.92661     -0.1036    1.939800 
   41400.00     0.92416     -0.1964    1.949400 
   41450.00     0.92168     -0.1362    1.964770 
   41500.00     0.91919     -0.0651    1.933480 
   41550.00     0.91680     -0.0217    1.921630 
   41600.00     0.91437      0.0237    1.921020 
   41650.00     0.91195      0.0602    1.947430 
   41700.00     0.90961     -0.1441    1.944130 
   41750.00     0.90724     -0.0948    1.940980 
   41800.00     0.90489     -0.1056    1.929370 
   41850.00     0.90262     -0.0326    1.931160 
   41900.00     0.90035     -0.0276    1.932480 
   41950.00     0.89803     -0.1392    1.932110 
   42000.00     0.89582      0.0494    1.929300 
   42050.00     0.89364      0.0148    1.925040 
   42100.00     0.89143     -0.1727    1.910900 
   42150.00     0.88927     -0.0957    1.902840 
   42200.00     0.88721     -0.2398    2.029430 
   42250.00     0.88507     -0.2181    2.220840 
   42300.00     0.88297     -0.1925    1.900790 
   42350.00     0.88098     -0.1421    2.242730 
   42400.00     0.87896     -0.1599    2.494290 
   42450.00     0.87697     -0.2477    2.361550 
   42500.00     0.87499     -0.1125    2.172230 
   42550.00     0.87314     -0.1076    2.472360 
   42600.00     0.87123     -0.1708    2.469310 
   42650.00     0.86936     -0.1293    2.468420 
   42700.00     0.86753     -0.1875    2.356660 
   42750.00     0.86578     -0.2359    2.483400 
   42800.00     0.86401     -0.0967    2.486610 
   42850.00     0.86227     -0.1599    2.491240 
   42900.00     0.86056     -0.1036    2.500000 
   42950.00     0.85896      0.0266    2.500000 
   43000.00     0.85732     -0.0405    2.500000 
   43050.00     0.85572     -0.0592    2.496170 
   43100.00     0.85414     -0.0572    2.494480 
   43150.00     0.85266     -0.0405    2.499580 
   43200.00     0.85121      0.0375    2.493110 
   43250.00     0.84977     -0.0671    2.499830 
   43300.00     0.84838     -0.1214    2.467470 
   43350.00     0.84699     -0.0839    2.415490 
   43400.00     0.84566     -0.1283    2.420740 
   43450.00     0.84443     -0.0069    2.496670 
   43500.00     0.84318      0.0148    2.500000 
   43550.00     0.84195      0.0148    2.455860 
   43600.00     0.84077     -0.0484    2.086310 
   43650.00     0.83960      0.0405    2.329400 
   43700.00     0.83850      0.0020    2.420670 
   43750.00     0.83753     -0.0178    2.391430 
   43800.00     0.83649      0.0207    2.371340 
   43850.00     0.83549     -0.0592    2.394120 
   43900.00     0.83457     -0.0740    2.479720 
   43950.00     0.83364      0.0257    2.500000 
   44000.00     0.83279      0.1224    2.443870 
   44050.00     0.83195      0.1392    2.391040 
   44100.00     0.83121      0.1796    2.305780 
   44150.00     0.83050      0.0069    2.347890 
   44200.00     0.82985      0.1332    2.350500 
   44250.00     0.82919      0.0118    2.497190 
   44300.00     0.82859      0.1313    2.500000 
   44350.00     0.82805      0.0188    2.500000 
   44400.00     0.82748     -0.0089    2.465470 
   44450.00     0.82701      0.1273    2.467630 
   44500.00     0.82661      0.0434    2.500000 
   44550.00     0.82618      0.1806    2.445010 
   44600.00     0.82582      0.0799    2.415430 
   44650.00     0.82553      0.0642    2.438800 
   44700.00     0.82528     -0.1214    2.456350 
   44750.00     0.82507      0.0494    2.466060 
   44800.00     0.82489      0.0326    2.437710 
   44850.00     0.82478      0.0799    2.499190 
   44900.00     0.82466      0.0089    2.435940 
   44950.00     0.82466      0.1046    2.496520 
   45000.00     0.82466      0.0266    2.496610 
   45050.00     0.82466      0.0454    2.500000 
   45100.00     0.82478     -0.0296    2.498950 
   45150.00     0.82489      0.0207    2.467890 
   45200.00     0.82507      0.1165    2.467500 
   45250.00     0.82526      0.0878    2.468100 
   45300.00     0.82551      0.0681    2.463490 
   45350.00     0.82580      0.1066    2.415420 
   45400.00     0.82618     -0.0020    2.477520 
   45450.00     0.82661      0.2319    2.430910 
   45500.00     0.82699      0.1263    2.466040 
   45550.00     0.82748      0.0938    2.500000 
   45600.00     0.82803      0.0878    2.500000 
   45650.00     0.82857      0.0790    2.499900 
   45700.00     0.82917      0.1076    2.463910 
   45750.00     0.82983      0.1007    2.364930 
   45800.00     0.83048      0.0948    2.307550 
   45850.00     0.83119     -0.0138    2.360440 
   45900.00     0.83195      0.0326    2.263290 
   45950.00     0.83277      0.0306    2.396210 
   46000.00     0.83362      0.0079    2.264920 
   46050.00     0.83455      0.0582    2.422900 
   46100.00     0.83547      0.0957    2.410580 
   46150.00     0.83647     -0.0020    2.381650 
   46200.00     0.83751      0.0839    2.432670 
   46250.00     0.83848      0.2221    2.435580 
   46300.00     0.83958      0.0948    2.373590 
   46350.00     0.84075      0.1372    2.352370 
   46400.00     0.84193     -0.0020    2.274500 
   46450.00     0.84314      0.0494    2.500000 
   46500.00     0.84441      0.0326    2.465430 
   46550.00     0.84563      0.1619    2.461590 
   46600.00     0.84697      0.0632    2.307060 
   46650.00     0.84834     -0.0089    2.359210 
   46700.00     0.84975     -0.0464    2.390260 
   46750.00     0.85119     -0.0138    2.443800 
   46800.00     0.85262      0.0888    2.493200 
   46850.00     0.85412      0.0572    2.486750 
   46900.00     0.85568     -0.0898    2.433180 
   46950.00     0.85728      0.0405    2.443240 
   47000.00     0.85892      0.1096    2.346330 
   47050.00     0.86052      0.2053    2.494850 
   47100.00     0.86224      0.1175    2.499360 
   47150.00     0.86399      0.0513    2.473150 
   47200.00     0.86574      0.2063    2.478060 
   47250.00     0.86750      0.2872    2.468240 
   47300.00     0.86933      0.3237    2.472560 
   47350.00     0.87119      0.2181    2.139250 
   47400.00     0.87310      0.1796    2.262440 
   47450.00     0.87495      0.1875    2.500000 
   47500.00     0.87694      0.1036    2.358820 
   47550.00     0.87892      0.0819    2.132560 
   47600.00     0.88094      0.0849    2.032150 
   47650.00     0.88293      0.1856    2.151880 
   47700.00     0.88503      0.2280    1.933820 
   47750.00     0.88717      0.1865    1.909920 
   47800.00     0.88923      0.2675    1.899150 
   47850.00     0.89139      0.1135    1.969630 
   47900.00     0.89358      0.1806    1.930940 
   47950.00     0.89578      0.0345    1.914130 
   48000.00     0.89800      0.1589    1.914520 
   48050.00     0.90031      0.2448    1.940710 
   48100.00     0.90258      0.0928    1.927690 
   48150.00     0.90484      0.2181    1.910250 
   48200.00     0.90721      0.2073    1.933840 
   48250.00     0.90956      0.1007    1.959180 
   48300.00     0.91191      0.1925    1.905320 
   48350.00     0.91432      0.2023    1.925460 
   48400.00     0.91674      0.3139    1.948540 
   48450.00     0.91915      0.2231    1.964220 
   48500.00     0.92162      0.2635    1.927220 
   48550.00     0.92412      0.2695    1.933800 
   48600.00     0.92655      0.3405    1.951360 
   48650.00     0.92909      0.3997    1.967790 
   48700.00     0.93164      0.3632    1.973880 
   48750.00     0.93414      0.4027    1.979940 
   48800.00     0.93676      0.4530    1.976900 
   48850.00     0.93933      0.3553    1.974310 
   48900.00     0.94189      0.4787    1.975950 
   48950.00     0.94453      0.4797    1.978600 
   49000.00     0.94711      0.6208    1.979560 
   49050.00     0.94977      0.4224    1.980560 
   49100.00     0.95245      0.5577    1.984720 
   49150.00     0.95505      0.6514    1.994930 
   49200.00     0.95775      0.5508    2.009320 
   49250.00     0.96042      0.6100    2.013120 
   49300.00     0.96310      0.7333    2.023230 
   49350.00     0.96586      0.7008    2.041430 
   49400.00     0.96854      0.6613    2.047660 
   49450.00     0.97123      0.7639    2.053010 
   49500.00     0.97399      0.7205    2.061900 
   49550.00     0.97667      0.8064    2.077500 
   49600.00     0.97942      0.8133    2.089030 
   49650.00     0.98218      0.7699    2.093680 
   49700.00     0.98489      0.7639    2.093440 
   49750.00     0.98769      0.8182    2.091050 
   49800.00     0.99040      0.8271    2.079410 
   49850.00     0.99314      0.9051    2.079270 
   49900.00     0.99595      1.0107    2.077070 
   49950.00     0.99867      0.8923    2.080810 
   50000.00     1.00135      0.9327    2.096720 
   50050.00     1.00410      1.0225    2.099850 
   50100.00     1.00684      1.1084    2.119500 
   50150.00     1.00963      1.0295    2.132770 
   50200.00     1.01237      1.0571    2.133220 
   50250.00     1.01513      1.1055    2.138350 
   50300.00     1.01790      1.2338    2.143420 
   50350.00     1.02058      1.0916    2.160090 
   50400.00     1.02335      1.1133    2.180350 
   50450.00     1.02605      1.2486    2.184440 
   50500.00     1.02877      1.3404    2.187650 
   50550.00     1.03152      1.2723    2.189800 
   50600.00     1.03420      1.3275    2.190590 
   50650.00     1.03692      1.3058    2.192930 
   50700.00     1.03963      1.3571    2.199000 
   50750.00     1.04227      1.3700    2.209700 
   50800.00     1.04495      1.4193    2.225290 
   50850.00     1.04767      1.3966    2.231130 
   50900.00     1.05031      1.5447    2.234790 
   50950.00     1.05297      1.6789    2.237300 
   51000.00     1.05555      1.5417    2.240480 
   51050.00     1.05817      1.5980    2.245250 
   51100.00     1.06083      1.7134    2.249270 
   51150.00     1.06333      1.8852    2.263620 
   51200.00     1.06592      1.7579    2.275620 
   51250.00     1.06850      1.7450    2.281510 
   51300.00     1.07094      1.8043    2.285390 
   51350.00     1.07351      1.9266    2.285530 
   51400.00     1.07601      1.8960    2.287940 
   51450.00     1.07844      1.9947    2.288610 
   51500.00     1.08092      1.9859    2.290260 
   51550.00     1.08335      2.0707    2.289110 
   51600.00     1.08576      2.0619    2.287130 
   51650.00     1.08817      2.0362    2.286310 
   51700.00     1.09058      2.0402    2.258820 
   51750.00     1.09285      2.1882    2.213830 
   51800.00     1.09522      2.2524    2.215030 
   51850.00     1.09757      2.1921    2.215950 
   51900.00     1.09981      2.2918    2.216730 
   51950.00     1.10208      2.4596    2.220040 
   52000.00     1.10434      2.5435    2.228010 
   52050.00     1.10651      2.6146    2.232160 
   52100.00     1.10867      2.5090    2.240390 
   52150.00     1.11089      2.5731    2.245900 
   52200.00     1.11299      2.6758    2.246910 
   52250.00     1.11505      2.7281    2.248600 
   52300.00     1.11715      2.6896    2.251460 
   52350.00     1.11919      2.8900    2.255690 
   52400.00     1.12116      2.9443    2.255980 
   52450.00     1.12316      2.9482    2.256240 
   52500.00     1.12513      3.0775    2.257120 
   52550.00     1.12705      3.1071    2.260170 
   52600.00     1.12888      3.1910    2.263510 
   52650.00     1.13077      3.3509    2.264500 
   52700.00     1.13260      3.2591    2.264610 
   52750.00     1.13441      3.5394    2.265840 
   52800.00     1.13611      3.4121    2.270180 
   52850.00     1.13786      3.6263    2.283360 
   52900.00     1.13956      3.7408    2.295410 
   52950.00     1.14123      3.8414    2.298080 
   53000.00     1.14279      3.8691    2.298830 
   53050.00     1.14439      3.9688    2.299680 
   53100.00     1.14595      3.9826    2.304640 
   53150.00     1.14751      4.1099    2.310040 
   53200.00     1.14900      4.0606    2.311980 
   53250.00     1.15037      4.1810    2.313630 
   53300.00     1.15179      4.2659    2.311630 
   53350.00     1.15318      4.2728    2.311270 
   53400.00     1.15451      4.4781    2.311780 
   53450.00     1.15582      4.5353    2.314340 
   53500.00     1.15703      4.5235    2.318250 
   53550.00     1.15823      4.5333    2.320130 
   53600.00     1.15944      4.6922    2.321420 
   53650.00     1.16058      4.7228    2.321220 
   53700.00     1.16170      4.7317    2.322190 
   53750.00     1.16277      4.7090    2.321670 
   53800.00     1.16374      4.7564    2.323550 
   53850.00     1.16468      4.7821    2.324750 
   53900.00     1.16563      4.9262    2.330610 
   53950.00     1.16653      5.0189    2.351950 
   54000.00     1.16740      5.1176    2.358680 
   54050.00     1.16819      5.0683    2.360370 
   54100.00     1.16900      5.0298    2.360490 
   54150.00     1.16971      5.1255    2.360570 
   54200.00     1.17040      5.0880    2.360440 
   54250.00     1.17104      5.0643    2.360010 
   54300.00     1.17156      5.2272    2.357920 
   54350.00     1.17218      4.9824    2.360790 
   54400.00     1.17268      5.1729    2.362240 
   54450.00     1.17314      5.2351    2.360520 
   54500.00     1.17360      5.2933    2.359330 
   54550.00     1.17399      5.3970    2.361590 
   54600.00     1.17434      5.3259    2.363780 
   54650.00     1.17462      5.2864    2.362930 
   54700.00     1.17487      5.2035    2.363750 
   54750.00     1.17513      5.2361    2.364140 
   54800.00     1.17532      5.2696    2.363890 
   54850.00     1.17543      5.2864    2.365360 
   54900.00     1.17553      5.3970    2.366320 
   54950.00     1.17555      5.3506    2.365320 
   55000.00     1.17553      5.3170    2.365050 
   55050.00     1.17553      5.3299    2.367010 
   55100.00     1.17543      5.2183    2.365550 
   55150.00     1.17532      5.3131    2.364580 
   55200.00     1.17514      5.2262    2.365070 
   55250.00     1.17487      5.2055    2.363690 
   55300.00     1.17462      5.0574    2.362930 
   55350.00     1.17434      5.0604    2.363400 
   55400.00     1.17401      5.1877    2.362740 
   55450.00     1.17360      5.0713    2.361340 
   55500.00     1.17314      4.9331    2.360450 
   55550.00     1.17270      4.8146    2.359790 
   55600.00     1.17220      4.8571    2.357890 
   55650.00     1.17158      4.7761    2.357710 
   55700.00     1.17106      4.6666    2.356960 
   55750.00     1.17042      4.6893    2.357930 
   55800.00     1.16975      4.6853    2.356370 
   55850.00     1.16902      4.6972    2.355280 
   55900.00     1.16823      4.6093    2.357310 
   55950.00     1.16742      4.5018    2.361470 
   56000.00     1.16655      4.4277    2.338890 
   56050.00     1.16565      4.3211    2.325660 
   56100.00     1.16470      4.4238    2.323090 
   56150.00     1.16376      4.2915    2.320320 
   56200.00     1.16277      4.1079    2.318340 
   56250.00     1.16171      4.1158    2.317120 
   56300.00     1.16060      4.0517    2.317210 
   56350.00     1.15946      3.9421    2.316940 
   56400.00     1.15827      3.8888    2.318420 
   56450.00     1.15705      3.7911    2.316470 
   56500.00     1.15586      3.8888    2.315920 
   56550.00     1.15455      3.8010    2.312790 
   56600.00     1.15320      3.6727    2.311090 
   56650.00     1.15181      3.6579    2.310160 
   56700.00     1.15040      3.5226    2.308390 
   56750.00     1.14904      3.4062    2.312670 
   56800.00     1.14755      3.3608    2.313960 
   56850.00     1.14599      3.2729    2.313730 
   56900.00     1.14441      3.2788    2.308690 
   56950.00     1.14283      3.3371    2.302000 
   57000.00     1.14127      3.1772    2.296390 
   57050.00     1.13961      3.0420    2.292440 
   57100.00     1.13790      2.9818    2.278580 
   57150.00     1.13617      2.8623    2.272950 
   57200.00     1.13445      2.8525    2.265430 
   57250.00     1.13266      2.7765    2.262500 
   57300.00     1.13083      2.6689    2.260200 
   57350.00     1.12894      2.6333    2.259220 
   57400.00     1.12709      2.5317    2.259280 
   57450.00     1.12516      2.4912    2.258200 
   57500.00     1.12322      2.5504    2.255200 
   57550.00     1.12119      2.5386    2.252770 
   57600.00     1.11925      2.5050    2.252150 
   57650.00     1.11719      2.4725    2.252630 
   57700.00     1.11509      2.1921    2.250070 
   57750.00     1.11303      2.0875    2.242530 
   57800.00     1.11092      1.9938    2.235600 
   57850.00     1.10875      1.9533    2.220300 
   57900.00     1.10655      1.9385    2.218020 
   57950.00     1.10439      1.9503    2.214520 
   58000.00     1.10212      1.8743    2.211560 
   58050.00     1.09985      1.6829    2.209240 
   58100.00     1.09761      1.8013    2.208250 
   58150.00     1.09528      1.7598    2.206210 
   58200.00     1.09291      1.5763    2.202700 
   58250.00     1.09064      1.5526    2.201200 
   58300.00     1.08823      1.5180    2.198950 
   58350.00     1.08582      1.5368    2.193670 
   58400.00     1.08341      1.5743    2.178520 
   58450.00     1.08098      1.3492    2.167720 
   58500.00     1.07850      1.3265    2.164360 
   58550.00     1.07609      1.4173    2.163390 
   58600.00     1.07356      1.2762    2.161210 
   58650.00     1.07100      1.3631    2.159150 
   58700.00     1.06855      1.2180    2.195500 
   58750.00     1.06597      1.0670    2.221090 
   58800.00     1.06341      1.1064    2.191300 
   58850.00     1.06087      1.0828    2.232610 
   58900.00     1.05823      1.0314    2.189630 
   58950.00     1.05563      1.0966    2.172500 
   59000.00     1.05303      1.0048    2.137590 
   59050.00     1.05037      0.9475    2.133680 
   59100.00     1.04773      1.0077    2.132980 
   59150.00     1.04503      1.0295    2.131050 
   59200.00     1.04233      0.9278    2.133710 
   59250.00     1.03969      0.9258    2.135490 
   59300.00     1.03699      0.9011    2.117760 
   59350.00     1.03426      0.8972    2.121990 
   59400.00     1.03160      0.8320    2.120190 
   59450.00     1.02884      0.7995    2.118450 
   59500.00     1.02611      0.8202    2.127090 
   59550.00     1.02341      0.7225    2.127700 
   59600.00     1.02066      0.7482    2.124490 
   59650.00     1.01796      0.7176    2.124520 
   59700.00     1.01518      0.7215    2.115500 
   59750.00     1.01245      0.7403    2.111550 
   59800.00     1.00971      0.6870    2.109720 
   59850.00     1.00690      0.6929    2.104550 
   59900.00     1.00418      0.6396    2.100110 
   59950.00     1.00143      0.5636    2.096980 
   60000.00     0.99873      0.6090    2.092240 
   60050.00     0.99599      0.5310    2.086290 
   60100.00     0.99322      0.4303    2.078250 
   60150.00     0.99046      0.4333    2.072890 
   60200.00     0.98775      0.3721    2.067410 
   60250.00     0.98495      0.2793    2.064590 
   60300.00     0.98224      0.2635    2.063330 
   60350.00     0.97948      0.4570    2.061330 
   60400.00     0.97672      0.4442    2.060730 
   60450.00     0.97405      0.4570    2.057470 
   60500.00     0.97129      0.3435    2.051730 
   60550.00     0.96859      0.4422    2.047170 
   60600.00     0.96592      0.3918    2.039820 
   60650.00     0.96318      0.4412    2.026810 
   60700.00     0.96050      0.4560    2.022320 
   60750.00     0.95780      0.3415    2.017380 
   60800.00     0.95511      0.3376    2.025650 
   60850.00     0.95250      0.2458    2.037950 
   60900.00     0.94985      0.3168    2.026350 
   60950.00     0.94719      0.3010    2.014720 
   61000.00     0.94459      0.3001    2.002640 
   61050.00     0.94197      0.3149    1.980490 
   61100.00     0.93938      0.3553    1.980150 
   61150.00     0.93682      0.2280    2.004680 
   61200.00     0.93420      0.1115    1.998470 
   61250.00     0.93170      0.1638    1.964520 
   61300.00     0.92915      0.0306    1.943100 
   61350.00     0.92663      0.1974    1.942710 
   61400.00     0.92416      0.2319    1.982970 
   61450.00     0.92170      0.0612    1.954620 
   61500.00     0.91921      0.1520    1.927730 
   61550.00     0.91680      0.0898    1.917440 
   61600.00     0.91439      0.2023    1.947650 
   61650.00     0.91195      0.1708    1.947920 
   61700.00     0.90961     -0.0148    1.945690 
   61750.00     0.90724     -0.0128    1.941230 
   61800.00     0.90489      0.0365    1.932140 
   61850.00     0.90262      0.0266    1.932950 
   61900.00     0.90037      0.0178    1.932780 
   61950.00     0.89805     -0.0059    1.931900 
   62000.00     0.89584      0.0967    1.926600 
   62050.00     0.89364      0.1550    1.924490 
   62100.00     0.89145      0.0799    1.912970 
   62150.00     0.88927     -0.1678    1.916340 
   62200.00     0.88721     -0.0158    2.135590 
   62250.00     0.88507     -0.1352    2.103380 
   62300.00     0.88299     -0.0869    1.901130 
   62350.00     0.88098     -0.0582    2.435190 
   62400.00     0.87898     -0.0227    2.498270 
   62450.00     0.87697      0.0000    2.260270 
   62500.00     0.87499     -0.0721    2.386320 
   62550.00     0.87314     -0.0987    2.321840 
   62600.00     0.87123     -0.0898    2.466530 
   62650.00     0.86936      0.0286    2.495070 
   62700.00     0.86753     -0.0266    2.481270 
   62750.00     0.86580     -0.0207    2.482420 
   62800.00     0.86403     -0.0602    2.484550 
   62850.00     0.86227     -0.0158    2.500000 
   62900.00     0.86056      0.0296    2.500000 
   62950.00     0.85896     -0.0651    2.500000 
   63000.00     0.85732      0.0296    2.500000 
   63050.00     0.85572     -0.0405    2.465450 
   63100.00     0.85414     -0.0326    2.498830 
   63150.00     0.85264     -0.0513    2.499110 
   63200.00     0.85123     -0.0089    2.499080 
   63250.00     0.84977      0.0622    2.495580 
   63300.00     0.84838     -0.0286    2.433070 
   63350.00     0.84699     -0.1184    2.427770 
   63400.00     0.84566      0.0582    2.452570 
   63450.00     0.84443      0.0543    2.494830 
   63500.00     0.84318     -0.0612    2.500000 
   63550.00     0.84195     -0.0503    2.403900 
   63600.00     0.84077     -0.0898    2.176460 
   63650.00     0.83961     -0.1490    2.257580 
   63700.00     0.83852     -0.1155    2.417210 
   63750.00     0.83755     -0.1056    2.389960 
   63800.00     0.83649     -0.1224    2.367560 
   63850.00     0.83551     -0.1540    2.404780 
   63900.00     0.83457     -0.2477    2.468490 
   63950.00     0.83364     -0.2162    2.416110 
   64000.00     0.83281     -0.2477    2.442960 
   64050.00     0.83195     -0.3050    2.393370 
   64100.00     0.83121     -0.1372    2.350850 
   64150.00     0.83050     -0.1836    2.292550 
   64200.00     0.82987     -0.0207    2.472010 
   64250.00     0.82919     -0.0099    2.465190 
   64300.00     0.82859      0.0188    2.467310 
   64350.00     0.82805     -0.0266    2.500000 
   64400.00     0.82748     -0.1550    2.500000 
   64450.00     0.82701     -0.0365    2.471010 
   64500.00     0.82661      0.1096    2.364510 
   64550.00     0.82620     -0.0701    2.429250 
   64600.00     0.82582     -0.0790    2.439290 
   64650.00     0.82553     -0.1184    2.481360 
   64700.00     0.82528     -0.1421    2.496660 
   64750.00     0.82507     -0.1244    2.463100 
   64800.00     0.82491     -0.0415    2.475240 
   64850.00     0.82480      0.1007    2.500000 
   64900.00     0.82468      0.0839    2.499870 
   64950.00     0.82468     -0.1017    2.498000 
   65000.00     0.82466     -0.0415    2.500000 
   65050.00     0.82466      0.0000    2.500000 
   65100.00     0.82478      0.0415    2.500000 
   65150.00     0.82491      0.0345    2.482720 
   65200.00     0.82507     -0.0494    2.490660 
   65250.00     0.82528      0.0030    2.464280 
   65300.00     0.82553      0.0790    2.465310 
   65350.00     0.82582     -0.0158    2.463890 
   65400.00     0.82618     -0.0711    2.401960 
   65450.00     0.82661     -0.0099    2.466160 
   65500.00     0.82701     -0.1688    2.466930 
   65550.00     0.82748     -0.0809    2.402970 
   65600.00     0.82803     -0.0266    2.500000 
   65650.00     0.82857      0.0582    2.500000 
   65700.00     0.82917     -0.0296    2.500000 
   65750.00     0.82985     -0.1451    2.451240 
   65800.00     0.83050     -0.2606    2.422150 
   65850.00     0.83119      0.0247    2.321700 
   65900.00     0.83195      0.0316    2.360030 
   65950.00     0.83279      0.0276    2.335650 
   66000.00     0.83362     -0.1648    2.384410 
   66050.00     0.83455      0.0099    2.500000 
   66100.00     0.83547      0.0266    2.421530 
   66150.00     0.83647      0.0217    2.500000 
   66200.00     0.83751      0.0395    2.436090 
   66250.00     0.83848     -0.1155    2.456960 
   66300.00     0.83958     -0.0039    2.443780 
   66350.00     0.84075     -0.0622    2.395820 
   66400.00     0.84193     -0.0582    2.392930 
   66450.00     0.84314     -0.0484    2.469460 
   66500.00     0.84441     -0.0207    2.469140 
   66550.00     0.84565      0.0039    2.456080 
   66600.00     0.84697      0.0059    2.391670 
   66650.00     0.84834      0.0188    2.361010 
   66700.00     0.84973      0.1066    2.364120 
   66750.00     0.85119      0.0336    2.343730 
   66800.00     0.85262      0.0691    2.489990 
   66850.00     0.85412     -0.0217    2.492250 
   66900.00     0.85568     -0.0612    2.447940 
   66950.00     0.85728     -0.0592    2.436400 
   67000.00     0.85894     -0.0750    2.500000 
   67050.00     0.86052     -0.1441    2.498040 
   67100.00     0.86225     -0.0266    2.499760 
   67150.00     0.86399     -0.0326    2.442780 
   67200.00     0.86576     -0.0257    2.433620 
   67250.00     0.86751      0.0266    2.468800 
   67300.00     0.86933      0.0464    2.500000 
   67350.00     0.87119      0.0908    2.240610 
   67400.00     0.87310      0.2468    2.145760 
   67450.00     0.87495      0.2734    2.268280 
   67500.00     0.87694      0.1165    2.222640 
   67550.00     0.87892      0.1036    2.019770 
   67600.00     0.88094      0.0484    1.892200 
   67650.00     0.88293      0.1411    1.977060 
   67700.00     0.88503      0.1638    2.232260 
   67750.00     0.88717      0.1629    1.913510 
   67800.00     0.88923      0.1668    1.899070 
   67850.00     0.89141      0.1244    1.939980 
   67900.00     0.89358      0.1757    1.942170 
   67950.00     0.89580      0.1777    1.920450 
   68000.00     0.89800      0.1737    1.910290 
   68050.00     0.90031      0.0503    1.933460 
   68100.00     0.90258      0.0533    1.939900 
   68150.00     0.90484      0.1184    1.912200 
   68200.00     0.90721      0.0336    1.928550 
   68250.00     0.90956     -0.0651    1.954640 
   68300.00     0.91191      0.0632    1.923150 
   68350.00     0.91434      0.1490    1.917680 
   68400.00     0.91674      0.2379    1.935300 
   68450.00     0.91915      0.1925    1.965550 
   68500.00     0.92162      0.1342    1.934010 
   68550.00     0.92412      0.1105    1.932080 
   68600.00     0.92655      0.2201    1.945000 
   68650.00     0.92909      0.3435    1.965290 
   68700.00     0.93164      0.2260    1.973250 
   68750.00     0.93414      0.3109    1.979970 
   68800.00     0.93676      0.2576    1.979100 
   68850.00     0.93933      0.2063    1.975740 
   68900.00     0.94189      0.3622    1.975820 
   68950.00     0.94453      0.4155    1.979090 
   69000.00     0.94713      0.3001    1.980770 
   69050.00     0.94979      0.3178    1.981120 
   69100.00     0.95245      0.3691    1.984190 
   69150.00     0.95505      0.2635    1.994720 
   69200.00     0.95775      0.2201    2.009450 
   69250.00     0.96044      0.1964    2.012790 
   69300.00     0.96312      0.1964    2.021290 
   69350.00     0.96586      0.4116    2.038460 
   69400.00     0.96854      0.3603    2.045520 
   69450.00     0.97123      0.4471    2.051180 
   69500.00     0.97401      0.5685    2.057990 
   69550.00     0.97667      0.5853    2.073160 
   69600.00     0.97942      0.5320    2.088220 
   69650.00     0.98218      0.5527    2.092450 
   69700.00     0.98489      0.5458    2.093980 
   69750.00     0.98769      0.5527    2.094910 
   69800.00     0.99040      0.6435    2.082680 
   69850.00     0.99316      0.6731    2.082680 
   69900.00     0.99595      0.7126    2.075870 
   69950.00     0.99869      0.7778    2.079430 
   70000.00     1.00004      0.6179    2.092360 
   70050.00     1.00004      0.5281    2.090760 
   70100.00     1.00004      0.6643    2.092090 
   70150.00     1.00004      0.5685    2.088250 
   70200.00     1.00004      0.8133    2.088550 
   70250.00     1.00004      0.7403    2.088850 
   70300.00     1.00004      0.7225    2.087980 
   70350.00     1.00004      0.7166    2.080840 
   70400.00     1.00004      0.7718    2.083630 
   70450.00     1.00004      0.5557    2.082450 
   70500.00     1.00004      0.5438    2.085160 
   70550.00     1.00004      0.5971    2.084650 
   70600.00     1.00004      0.6346    2.082190 
   70650.00     1.00004      0.6169    2.081510 
   70700.00     1.00004      0.5833    2.077250 
   70750.00     1.00004      0.6406    2.076590 
   70800.00     1.00004      0.7314    2.076940 
   70850.00     1.00004      0.7363    2.080020 
   70900.00     1.00004      0.6672    2.075040 
   70950.00     1.00004      0.7304    2.077670 
   71000.00     1.00004      0.7521    2.076200 
   71050.00     1.00004      0.6919    2.075600 
   71100.00     1.00004      0.6485    2.075780 
   71150.00     1.00004      0.7363    2.075030 
   71200.00     1.00004      0.6801    2.075650 
   71250.00     1.00004      0.6909    2.074810 
   71300.00     1.00004      0.6228    2.075180 
   71350.00     1.00004      0.6682    2.075260 
   71400.00     1.00004      0.6228    2.075170 
   71450.00     1.00004      0.6820    2.075060 
   71500.00     1.00004      0.6100    2.075090 
   71550.00     1.00004      0.6672    2.074660 
   71600.00     1.00004      0.6277    2.074980 
   71650.00     1.00004      0.7087    2.074490 
   71700.00     1.00004      0.6633    2.074160 
   71750.00     1.00004      0.6722    2.074990 
   71800.00     1.00004      0.7067    2.074070 
   71850.00     1.00004      0.6771    2.074070 
   71900.00     1.00004      0.7116    2.077610 
   71950.00     1.00004      0.7047    2.074390 
   72000.00     1.00004      0.7324    2.074130 
   72050.00     1.00004      0.5962    2.074130 
   72100.00     1.00004      0.6159    2.074070 
   72150.00     1.00004      0.5636    2.073820 
   72200.00     1.00004      0.4659    2.075220 
   72250.00     1.00004      0.4826    2.073460 
   72300.00     1.00004      0.6001    2.074630 
   72350.00     1.00004      0.6386    2.074550 
   72400.00     1.00004      0.6751    2.073720 
   72450.00     1.00004      0.5281    2.073600 
   72500.00     1.00004      0.5093    2.073750 
   72550.00     1.00004      0.5073    2.073340 
   72600.00     1.00004      0.6070    2.073960 
   72650.00     1.00004      0.4965    2.072960 
   72700.00     1.00004      0.4511    2.074630 
   72750.00     1.00004      0.4787    2.073870 
   72800.00     1.00004      0.4284    2.073780 
   72850.00     1.00004      0.4925    2.073540 
   72900.00     1.00004      0.4195    2.072880 
   72950.00     1.00004      0.5537    2.073480 
   73000.00     1.00004      0.5379    2.073340 
   73050.00     1.00004      0.4787    2.073770 
   73100.00     1.00004      0.5438    2.073230 
   73150.00     1.00004      0.6652    2.073910 
   73200.00     1.00004      0.5231    2.073590 
   73250.00     1.00004      0.5271    2.073010 
   73300.00     1.00004      0.5409    2.073990 
   73350.00     1.00004      0.4481    2.073990 
   73400.00     1.00004      0.6110    2.074590 
   73450.00     1.00004      0.6623    2.073430 
   73500.00     1.00004      0.6899    2.073780 
   73550.00     1.00004      0.6218    2.073520 
   73600.00     1.00004      0.6485    2.073070 
   73650.00     1.00004      0.6425    2.073570 
   73700.00     1.00002      0.6978    2.073730 
   73750.00     1.00004      0.6771    2.073430 
   73800.00     1.00004      0.6238    2.073110 
   73850.00     1.00004      0.6277    2.073630 
   73900.00     1.00004      0.6524    2.073330 
   73950.00     1.00004      0.6870    2.073420 
   74000.00     1.00002      0.8923    2.073100 
   74050.00     1.00004      0.6179    2.074150 
   74100.00     1.00004      0.6939    2.073840 
   74150.00     1.00004      0.6090    2.073150 
   74200.00     1.00002      0.5952    2.073780 
   74250.00     1.00004      0.5764    2.073980 
   74300.00     1.00004      0.5991    2.073490 
   74350.00     1.00004      0.5912    2.073360 
   74400.00     1.00004      0.6988    2.073310 
   74450.00     1.00004      0.6149    2.073440 
   74500.00     1.00004      0.6465    2.073160 
   74550.00     1.00002      0.5438    2.073650 
   74600.00     1.00004      0.5813    2.073090 
   74650.00     1.00004      0.5123    2.072840 
   74700.00     1.00004      0.6169    2.073560 
   74750.00     1.00004      0.6514    2.073150 
   74800.00     1.00004      0.5952    2.073200 
   74850.00     1.00004      0.6939    2.072850 
   74900.00     1.00002      0.7432    2.073360 
   74950.00     1.00004      0.6495    2.072960 
   75000.00     1.00004      0.6564    2.072570 
   75050.00     1.00004      0.7610    2.073770 
   75100.00     1.00002      0.7225    2.074040 
   75150.00     1.00002      0.6396    2.073910 
   75200.00     1.00004      0.6031    2.073140 
   75250.00     1.00004      0.6090    2.072640 
   75300.00     1.00004      0.6731    2.073290 
   75350.00     1.00004      0.5705    2.073550 
   75400.00     1.00004      0.5942    2.073230 
   75450.00     1.00004      0.6702    2.073530 
   75500.00     1.00004      0.6060    2.073260 
   75550.00     1.00004      0.6356    2.073180 
   75600.00     1.00004      0.6761    2.072960 
   75650.00     1.00004      0.6248    2.072740 
   75700.00     1.00004      0.6307    2.073540 
   75750.00     1.00004      0.7343    2.073810 
   75800.00     1.00004      0.6702    2.072840 
   75850.00     1.00004      0.7353    2.073270 
   75900.00     1.00004      0.7718    2.073820 
   75950.00     1.00004      0.8597    2.073740 
   76000.00     1.00004      0.7057    2.073710 
   76050.00     1.00004      0.8093    2.073070 
   76100.00     1.00004      0.7689    2.072960 
   76150.00     1.00004      0.7412    2.072850 
   76200.00     1.00004      0.7304    2.073340 
   76250.00     1.00004      0.8232    2.073850 
   76300.00     1.00004      0.7215    2.074120 
   76350.00     1.00004      0.7255    2.072820 
   76400.00     1.00004      0.6672    2.073930 
   76450.00     1.00004      0.6781    2.073650 
   76500.00     1.00004      0.5735    2.073590 
   76550.00     1.00004      0.5369    2.073650 
   76600.00     1.00004      0.6129    2.073600 
   76650.00     1.00004      0.5093    2.073720 
   76700.00     1.00004      0.5636    2.073580 
   76750.00     1.00004      0.6179    2.074060 
   76800.00     1.00004      0.5478    2.073260 
   76850.00     1.00004      0.6840    2.072880 
   76900.00     1.00004      0.6939    2.073760 
   76950.00     1.00004      0.6021    2.073920 
   77000.00     1.00004      0.6514    2.072830 
   77050.00     1.00004      0.5863    2.073590 
   77100.00     1.00004      0.6021    2.073530 
   77150.00     1.00004      0.7896    2.073120 
   77200.00     1.00004      0.5912    2.073670 
   77250.00     1.00004      0.5162    2.073140 
   77300.00     1.00004      0.5833    2.073380 
   77350.00     1.00004      0.6297    2.073560 
   77400.00     1.00004      0.6110    2.074010 
   77450.00     1.00004      0.6228    2.073730 
   77500.00     1.00004      0.6850    2.073520 
   77550.00     1.00004      0.6603    2.073260 
   77600.00     1.00004      0.6652    2.073400 
   77650.00     1.00004      0.5616    2.074120 
   77700.00     1.00004      0.5557    2.073420 
   77750.00     1.00004      0.4866    2.073190 
   77800.00     1.00004      0.5488    2.073390 
   77850.00     1.00004      0.6524    2.073500 
   77900.00     1.00004      0.6238    2.073290 
   77950.00     1.00004      0.7560    2.073600 
   78000.00     1.00004      0.7146    2.074200 
   78050.00     1.00004      0.5725    2.073370 
   78100.00     1.00004      0.5369    2.073810 
   78150.00     1.00004      0.6840    2.073820 
   78200.00     1.00004      0.6455    2.072910 
   78250.00     1.00004      0.6909    2.074400 
   78300.00     1.00004      0.5359    2.073570 
   78350.00     1.00004      0.5350    2.074220 
   78400.00     1.00004      0.6258    2.072690 
   78450.00     1.00004      0.5281    2.073920 
   78500.00     1.00004      0.5596    2.073450 
   78550.00     1.00004      0.5350    2.073050 
   78600.00     1.00004      0.6356    2.074050 
   78650.00     1.00004      0.6692    2.073340 
   78700.00     1.00004      0.6218    2.073700 
   78750.00     1.00004      0.5202    2.073060 
   78800.00     1.00004      0.6455    2.073600 
   78850.00     1.00004      0.4678    2.073330 
   78900.00     1.00004      0.5922    2.073230 
   78950.00     1.00004      0.5843    2.073090 
   79000.00     1.00004      0.4728    2.073400 
   79050.00     1.00004      0.6455    2.074140 
   79100.00     1.00004      0.5320    2.073570 
   79150.00     1.00004      0.5429    2.073990 
   79200.00     1.00004      0.4402    2.073750 
   79250.00     1.00004      0.5241    2.073700 
   79300.00     1.00004      0.5053    2.073780 
   79350.00     1.00004      0.4688    2.072880 
   79400.00     1.00004      0.5034    2.073930 
   79450.00     1.00004      0.4925    2.073260 
   79500.00     1.00004      0.4323    2.074220 
   79550.00     1.00004      0.4432    2.073420 
   79600.00     1.00004      0.5685    2.073720 
   79650.00     1.00004      0.5093    2.073380 
   79700.00     1.00004      0.4215    2.072890 
   79750.00     1.00004      0.5981    2.074110 
   79800.00     1.00004      0.6070    2.073740 
   79850.00     1.00004      0.5577    2.074250 
   79900.00     1.00004      0.5626    2.073700 
   79950.00     1.00004      0.5695    2.073350 
