ASI600A Export Data File
Created: Mon Sep 22 14:29:22 2025
    Time        L in        F in    
    (ms)        (Lo)       (kPa)    
   10080.50     1.13092      4.5294 
   10081.00     1.13206      4.8324 
   10081.50     1.13320      4.6715 
   10082.00     1.13435      5.4917 
   10082.50     1.13536      4.4040 
   10083.00     1.13653      4.4218 
   10083.50     1.13763      4.8146 
   10084.00     1.13879      5.3674 
   10084.50     1.13998      5.0999 
   10085.00     1.14108      5.0288 
   10085.50     1.14224      5.0999 
   10086.00     1.14326      4.8324 
   10086.50     1.14437      5.9201 
   10087.00     1.14559      5.0111 
   10087.50     1.14669      4.9568 
   10088.00     1.14786      5.1354 
   10088.50     1.14902      5.5815 
   10089.00     1.15002      5.5993 
   10089.50     1.15118      5.6526 
   10090.00     1.15231      6.0454 
   10090.50     1.15343      5.9023 
   10091.00     1.15461      5.8668 
   10091.50     1.15574      5.8490 
   10092.00     1.15682      5.7237 
   10092.50     1.15794      6.2586 
   10093.00     1.15906      6.1698 
   10093.50     1.16023      6.6337 
   10094.00     1.16143      6.7048 
   10094.50     1.16254      5.9734 
   10095.00     1.16364      6.2764 
   10095.50     1.16474      6.9545 
   10096.00     1.16592      6.8834 
   10096.50     1.16699      7.3819 
   10097.00     1.16815      6.9545 
   10097.50     1.16929      7.3819 
   10098.00     1.17042      7.5783 
   10098.50     1.17154      6.7225 
   10099.00     1.17262      6.9722 
   10099.50     1.17368      7.6681 
   10100.00     1.17487      7.7569 
   10100.50     1.17565      8.0244 
   10101.00     1.17572      7.3286 
   10101.50     1.17574      6.8834 
   10102.00     1.17570      7.4717 
   10102.50     1.17565      7.7747 
   10103.00     1.17566      7.9533 
   10103.50     1.17566      7.5960 
   10104.00     1.17563      7.2575 
   10104.50     1.17566      7.5250 
   10105.00     1.17566      7.3108 
   10105.50     1.17563      6.7403 
   10106.00     1.17565      7.1687 
   10106.50     1.17566      6.8114 
   10107.00     1.17557      6.4373 
   10107.50     1.17566      6.7758 
   10108.00     1.17563      6.9189 
   10108.50     1.17566      6.1876 
   10109.00     1.17563      6.8834 
   10109.50     1.17563      7.7391 
   10110.00     1.17561      6.7581 
   10110.50     1.17565      7.2575 
   10111.00     1.17563      6.6870 
   10111.50     1.17563      6.7403 
   10112.00     1.17565      6.3129 
   10112.50     1.17566      6.6692 
   10113.00     1.17565      7.0078 
   10113.50     1.17565      6.9545 
   10114.00     1.17565      6.9012 
   10114.50     1.17566      6.4728 
   10115.00     1.17568      6.7936 
   10115.50     1.17565      6.4017 
   10116.00     1.17561      6.4195 
   10116.50     1.17561      6.2231 
   10117.00     1.17563      6.8834 
   10117.50     1.17563      6.7048 
   10118.00     1.17566      6.8114 
   10118.50     1.17563      6.5804 
   10119.00     1.17561      6.4728 
   10119.50     1.17561      6.6870 
   10120.00     1.17561      6.7048 
   10120.50     1.17565      6.3840 
   10121.00     1.17565      6.4195 
   10121.50     1.17568      6.2586 
   10122.00     1.17563      6.9545 
   10122.50     1.17565      6.5083 
   10123.00     1.17563      6.6159 
   10123.50     1.17563      5.8490 
   10124.00     1.17565      6.4906 
   10124.50     1.17568      6.4550 
   10125.00     1.17566      6.7936 
   10125.50     1.17566      6.9722 
   10126.00     1.17561      6.4906 
   10126.50     1.17566      6.3307 
   10127.00     1.17566      6.1520 
   10127.50     1.17565      6.7048 
   10128.00     1.17570      6.1165 
   10128.50     1.17566      6.1165 
   10129.00     1.17566      6.2764 
   10129.50     1.17566      6.4017 
   10130.00     1.17566      6.6870 
   10130.50     1.17565      5.9734 
   10131.00     1.17566      6.0987 
   10131.50     1.17565      6.1343 
   10132.00     1.17568      6.2409 
   10132.50     1.17565      6.5616 
   10133.00     1.17563      6.3662 
   10133.50     1.17565      6.4550 
   10134.00     1.17565      5.9023 
   10134.50     1.17565      6.1698 
   10135.00     1.17563      6.0987 
   10135.50     1.17565      5.5282 
   10136.00     1.17561      5.9912 
   10136.50     1.17561      6.6870 
   10137.00     1.17559      5.8846 
